Train_Test 1 metrics  [0.26124539302340505, 0.9434960792539289] [0.2615229957125882, 0.9433797909407665]
Train_Test 2 metrics  [0.2769691902327753, 0.9434960792539289] [0.27851149552305954, 0.9433797909407665]
Train_Test 3 metrics  [0.4373444011910056, 0.799945141832212] [0.43010953297183074, 0.8024099883855982]
Train_Test 4 metrics  [0.4870381709034951, 0.7814547097357126] [0.48821114309988783, 0.780052264669908]
Train_Test 5 metrics  [0.24285215192282894, 0.9435122140152702] [0.23774780652785413, 0.9432346109175378]
Train_Test 6 metrics  [4.532603828861389, 0.0905643938195652] [4.5381745527845645, 0.08797909407665505]
Train_Test 7 metrics  [0.4302263424502995, 0.8119171318893545] [0.43224509489591667, 0.8141695702671312]
Train_Test 8 metrics  [0.7393637893679927, 0.645858207762678] [0.745151422857269, 0.6461962833914053]
Train_Test 9 metrics  [0.06671597216560936, 0.9866404207944754] [0.0714636145140132, 0.985191637630662]
Train_Test 10 metrics  [0.1550852742783386, 0.9665849172306175] [0.1563866523275115, 0.9668989547038328]
Train_Test 11 metrics  [0.08363720188027647, 0.9752976862757753] [0.08861846204643742, 0.974157955865273]
Train_Test 12 metrics  [0.11572832846267245, 0.9640840298189552] [0.1156702639403105, 0.9653019744483159]
Train_Test 13 metrics  [0.07083493555270905, 0.9850592145600051] [0.0707088862886516, 0.9854819976771196]
Train_Test 14 metrics  [0.25349936775420545, 0.9434960792539289] [0.2579659594354868, 0.9433797909407665]
Train_Test 15 metrics  [0.12791793386866426, 0.9619542418277454] [0.13067103915877043, 0.9625435540069687]
Train_Test 16 metrics  [0.04669284675879921, 0.9974829778308432] [0.047490944049638044, 0.9959349593495935]
Train_Test 17 metrics  [0.04077174853341285, 0.9973861692858756] [0.03914040539945875, 0.9973867595818815]
Train_Test 18 metrics  [0.13340036796017082, 0.9523379263609668] [0.13834090718651207, 0.9516550522648084]
Train_Test 19 metrics  [0.039391586973329375, 0.9967407789860918] [0.04127208334280223, 0.9950638792102207]
Train_Test 20 metrics  [0.0582679593074581, 0.9970473393784891] [0.06134311878203515, 0.9953542392566783]
Train_Test 21 metrics  [0.06992583982137963, 0.9913517699828972] [0.06282394712533408, 0.9921602787456446]
Train_Test 22 metrics  [0.07082247730457414, 0.9849946755300267] [0.06979121206356396, 0.9860627177700348]
Train_Test 23 metrics  [0.0891481202974867, 0.983994320565362] [0.09346751735462405, 0.9831591173054588]
Train_Test 24 metrics  [0.033685926817043306, 0.9958695020813837] [0.036976045826136304, 0.9950638792102207]
Train_Test 25 metrics  [0.04880070645257433, 0.9950950337216432] [0.05505427302799158, 0.9939024390243902]
Train_Test 26 metrics  [0.3708091470535798, 0.9473038820245766] [0.37218066354246504, 0.9468641114982579]
Train_Test 27 metrics  [0.12760158395738794, 0.9732808415889509] [0.13448823356955517, 0.9712543554006968]
Train_Test 28 metrics  [0.04587391590680139, 0.9910452095904999] [0.05605047563486814, 0.9880952380952381]
Train_Test 29 metrics  [0.03555954020900624, 0.9964503533511891] [0.037016060514836364, 0.9950638792102207]
Train_Test 30 metrics  [0.028201996869712604, 0.9977088644357676] [0.027530582872642317, 0.9973867595818815]
Train_Test 31 metrics  [0.02665622375594522, 0.9964180838361999] [0.03216226646215866, 0.9947735191637631]
Train_Test 32 metrics  [0.034328211794102954, 0.993788118364581] [0.040029743861549824, 0.991869918699187]
Train_Test 33 metrics  [0.029888781651199594, 0.9979024815257027] [0.031248163578990722, 0.9968060394889663]
Train_Test 34 metrics  [0.03610573364058982, 0.9959663106263513] [0.04045446280662606, 0.9944831591173054]
Train_Test 35 metrics  [0.04459271439331276, 0.9966762399561134] [0.04837257285687843, 0.9959349593495935]
Train_Test 36 metrics  [0.032680273014737, 0.996934396076027] [0.03539419388149743, 0.9957897793263647]
Train_Test 37 metrics  [0.06381544200992315, 0.9843331504727484] [0.06632227828654783, 0.9834494773519163]
Train_Test 38 metrics  [0.03787375853421806, 0.996611700926135] [0.04192717780730104, 0.9947735191637631]
Train_Test 39 metrics  [0.04538647804006311, 0.9920294297976702] [0.05796794487762673, 0.9895470383275261]
Train_Test 40 metrics  [0.04372291323057799, 0.994740069056762] [0.04883391898813356, 0.991869918699187]
Train_Test 41 metrics  [0.027825122239145267, 0.997289360740908] [0.02761416511694521, 0.997096399535424]
Train_Test 42 metrics  [0.05987127259397226, 0.9869953854593565] [0.07136283744381834, 0.9854819976771196]
Train_Test 43 metrics  [0.03874251958030984, 0.9953854593565459] [0.04398413761610838, 0.9944831591173054]
Train_Test 44 metrics  [0.025012590761900433, 0.9975797863758108] [0.02820065728757578, 0.9968060394889663]
Train_Test 45 metrics  [0.037698722295440246, 0.9948368776017297] [0.043461071400882616, 0.9927409988385598]
Train_Test 46 metrics  [0.03753153846341514, 0.9950950337235666] [0.044441676987432434, 0.993321718931475]
Train_Test 47 metrics  [0.04371668456473362, 0.9940946787569783] [0.048828819377237494, 0.993321718931475]
Train_Test 48 metrics  [0.08132902786958894, 0.990641840653135] [0.08861186381312613, 0.9889663182346109]
Train_Test 49 metrics  [0.10151913641590768, 0.9737003452857338] [0.11337590306504056, 0.9753193960511034]
Train_Test 50 metrics  [0.0343789624045992, 0.9957726935364162] [0.04513189863331365, 0.9947735191637631]
Final_metrics_Test : [0.03914040539945875, 0.9973867595818815]
Final_metrics_Train : [0.0407717486141962, 0.9973861692858756]


              precision    recall  f1-score   support

           0   0.997238  1.000000  0.998617      3249
           1   1.000000  0.953846  0.976378       195

   micro avg   0.997387  0.997387  0.997387      3444
   macro avg   0.998619  0.976923  0.987497      3444
weighted avg   0.997394  0.997387  0.997358      3444

AUC
0.999927325679429
