Train_Test 1 metrics  [0.30450379310405445, 0.9429636322585306] [0.3057036051844678, 0.9425087108013938]
Train_Test 2 metrics  [0.1692495994117658, 0.9434960792539289] [0.16715208158485426, 0.9433797909407665]
Train_Test 3 metrics  [0.2943432078295846, 0.9429959017715964] [0.29588254045318646, 0.9427990708478513]
Train_Test 4 metrics  [0.27650479464533406, 0.9149859627609797] [0.27416830012330334, 0.9168118466206683]
Train_Test 5 metrics  [0.27050491833568346, 0.9433670011958954] [0.27059663323367517, 0.9433797909407665]
Train_Test 6 metrics  [0.17944585690078588, 0.9525960824828037] [0.17850943614969964, 0.9544134727061556]
Train_Test 7 metrics  [0.30770928246757445, 0.9592597373299948] [0.29823969320137744, 0.959349593495935]
Train_Test 8 metrics  [0.06872018787909745, 0.9938365226370648] [0.06741719025768055, 0.9939024390243902]
Train_Test 9 metrics  [0.03938931733213069, 0.9967730485010811] [0.039045360852270866, 0.9965156794425087]
Train_Test 10 metrics  [0.07502881883315055, 0.9819452063654718] [0.07364379246172935, 0.983739837398374]
Train_Test 11 metrics  [0.05480053282970274, 0.9928200329149053] [0.05495693558625851, 0.9936120789779327]
Train_Test 12 metrics  [0.04377725989551161, 0.9957726935364162] [0.04079331727168424, 0.9968060394889663]
Train_Test 13 metrics  [0.0862643764602499, 0.9957888282939107] [0.0850115849416915, 0.9946283391405343]
Train_Test 14 metrics  [0.19589816199590293, 0.947287747267082] [0.1979984374809902, 0.9474448315911731]
Train_Test 15 metrics  [0.05354827690093352, 0.9939978702120107] [0.05518382133507147, 0.9931765389082462]
Train_Test 16 metrics  [0.13476672245232163, 0.9907063796831134] [0.13171515745758733, 0.9912891986062717]
Train_Test 17 metrics  [0.04671614216029608, 0.9922391816450998] [0.04179629466077799, 0.9924506387921022]
Train_Test 18 metrics  [0.03820223984637895, 0.9959501758688567] [0.03846835866830075, 0.9959349593495935]
Train_Test 19 metrics  [0.1730702237619978, 0.9560489205847236] [0.1672557858311064, 0.9552845528455285]
Train_Test 20 metrics  [0.08435791708280635, 0.9839620510522962] [0.07567322665433919, 0.9883855981416957]
Train_Test 21 metrics  [0.04485347663731315, 0.9948046080867404] [0.045050755359500684, 0.9947735191637631]
Train_Test 22 metrics  [0.059308834955542955, 0.9932556713672593] [0.05766340222265939, 0.9939024390243902]
Train_Test 23 metrics  [0.03914968190418571, 0.9934331536996999] [0.039379844954724096, 0.993321718931475]
Train_Test 24 metrics  [0.038600516166928577, 0.9943367001193972] [0.0380472648806619, 0.9943379790940766]
Train_Test 25 metrics  [0.053966209370610564, 0.991480848042854] [0.05360048157828195, 0.990418118466899]
Train_Test 26 metrics  [0.035929016786363274, 0.995062764206654] [0.034312265279349136, 0.9956445993031359]
Train_Test 27 metrics  [0.06010092295264608, 0.986817903126916] [0.058426752470165454, 0.9863530777472652]
Train_Test 28 metrics  [0.025289091022563215, 0.9967730485010811] [0.02534193827248201, 0.997096399535424]
Train_Test 29 metrics  [0.0331139210919929, 0.9975475168608215] [0.031166450569403988, 0.9979674796747967]
Train_Test 30 metrics  [0.030885118010797, 0.9982574461905838] [0.03018874850699572, 0.9985481997677119]
Train_Test 31 metrics  [0.03210453516165499, 0.9948046080867404] [0.031160945767205767, 0.9956445993031359]
Train_Test 32 metrics  [0.04777302876624069, 0.9968053180160702] [0.052680708478777115, 0.9968060394889663]
Train_Test 33 metrics  [0.027657546220990006, 0.9974829778308432] [0.027867757015440798, 0.9973867595818815]
Train_Test 34 metrics  [0.03369835805649296, 0.9951273032366323] [0.032790729985869856, 0.9953542392566783]
Train_Test 35 metrics  [0.45559456238669244, 0.9436896963457874] [0.4546460255539168, 0.9433797909407665]
Train_Test 36 metrics  [0.02399903328492966, 0.9972248217109296] [0.02319396259079273, 0.9973867595818815]
Train_Test 37 metrics  [0.03347630725618796, 0.996934396076027] [0.03512571160394902, 0.9965156794425087]
Train_Test 38 metrics  [0.04593279331141385, 0.9919003517377134] [0.0458497015778819, 0.9912891986062717]
Train_Test 39 metrics  [0.02674866545864983, 0.9968053180160702] [0.026151008501596983, 0.9965156794425087]
Train_Test 40 metrics  [0.022375904977479825, 0.9974829778308432] [0.019365111256665124, 0.9982578397212544]
Train_Test 41 metrics  [0.03042494547129458, 0.9976120558907999] [0.03016852159983328, 0.9976771196283392]
Train_Test 42 metrics  [0.03621634877960918, 0.9954499983865243] [0.031840811346189206, 0.9968060394889663]
Train_Test 43 metrics  [0.038369359541537126, 0.9962567362631775] [0.038555068146701336, 0.9956445993031359]
Train_Test 44 metrics  [0.05963572532964213, 0.9936429055471296] [0.058268076806187494, 0.9936120789779327]
Train_Test 45 metrics  [0.042465170461127515, 0.9921907773726161] [0.0398070218342245, 0.9921602787456446]
Train_Test 46 metrics  [0.020317435696213297, 0.9979024815257027] [0.022287936437697636, 0.9976771196283392]
Train_Test 47 metrics  [0.04328866512763342, 0.9910129400774341] [0.04035116410105728, 0.9914343786295006]
Train_Test 48 metrics  [0.030384419042640044, 0.9980315595856595] [0.0309443898005768, 0.9982578397212544]
Train_Test 49 metrics  [0.017999282651774265, 0.9979670205556811] [0.01792363500445389, 0.9976771196283392]
Train_Test 50 metrics  [0.025674214841708207, 0.9979992900706702] [0.02478159474301975, 0.9982578397212544]
Final_metrics_Test : [0.03018874850699572, 0.9985481997677119]
Final_metrics_Train : [0.030885117995289483, 0.9982574461905838]


              precision    recall  f1-score   support

           0   0.998463  1.000000  0.999231      3249
           1   1.000000  0.974359  0.987013       195

   micro avg   0.998548  0.998548  0.998548      3444
   macro avg   0.999232  0.987179  0.993122      3444
weighted avg   0.998550  0.998548  0.998539      3444

AUC
0.9999309509645619
