Train_Test 1 metrics  [0.25821446091718475, 0.9434674582962668] [0.2562541078336706, 0.9436374201045904]
Train_Test 2 metrics  [0.27198273923893196, 0.9434674582962668] [0.27195672236300705, 0.9436374201045904]
Train_Test 3 metrics  [0.38160445659016984, 0.9454841728243684] [0.3741765791666085, 0.9452353282975015]
Train_Test 4 metrics  [0.15533503924248038, 0.9854151205188603] [0.1584036543593027, 0.9837303891700067]
Train_Test 5 metrics  [0.047424317297694384, 0.9966925881726826] [0.0497462615362092, 0.9965136548518303]
Train_Test 6 metrics  [0.06251394082436446, 0.9958052337775484] [0.06358387702421212, 0.9953515398024404]
Train_Test 7 metrics  [0.24943314716140566, 0.9098447936516926] [0.2555121990880739, 0.9105171412316122]
Train_Test 8 metrics  [0.10495091264031947, 0.982849859638592] [0.10428884446638258, 0.9843114468332365]
Train_Test 9 metrics  [0.047834602621330505, 0.9967409893194799] [0.0471434213669147, 0.9965136548518303]
Train_Test 10 metrics  [0.14343520563690465, 0.9945145364783324] [0.14574820961303173, 0.9934631028471819]
Train_Test 11 metrics  [0.9815501336041127, 0.6975089542182832] [0.9437188545262516, 0.7078733295635177]
Train_Test 12 metrics  [0.05629101917587589, 0.9957084314801071] [0.05463155897151309, 0.9962231260894828]
Train_Test 13 metrics  [0.08657280838293165, 0.9951598851279404] [0.08668411137803497, 0.9953515398024404]
Train_Test 14 metrics  [0.08251340082737164, 0.9920944790423026] [0.08269641838885546, 0.9920104590354445]
Train_Test 15 metrics  [0.10488034783856251, 0.9873834339001646] [0.10533819027258032, 0.9872167344567112]
Train_Test 16 metrics  [0.05867627189900033, 0.9925623568132683] [0.055715980777762644, 0.9936083672283557]
Train_Test 17 metrics  [0.4317095480994631, 0.9434674582962668] [0.4317906672943477, 0.9436374201045904]
Train_Test 18 metrics  [0.42323187074761726, 0.986851021264238] [0.42479269770187805, 0.9847472399767577]
Train_Test 19 metrics  [0.1077774050495123, 0.995772966345068] [0.10688483530199853, 0.9962231260894828]
Train_Test 20 metrics  [0.04642392574582273, 0.9965796521570779] [0.05117007294525801, 0.9956420685647879]
Train_Test 21 metrics  [0.08246604317127802, 0.9950308153980187] [0.08654904426148574, 0.9933178384660082]
Train_Test 22 metrics  [0.0952691225134439, 0.9949985479655383] [0.09502008001881239, 0.9962231260894828]
Train_Test 23 metrics  [0.43915801594723636, 0.9433061211357882] [0.43938427339678654, 0.9436374201045904]
Train_Test 24 metrics  [0.038199037198184176, 0.9972572682391662] [0.03885438530676106, 0.9970947123765252]
Train_Test 25 metrics  [0.10737399992174726, 0.9965796521570779] [0.10748538261475361, 0.9965136548518303]
Train_Test 26 metrics  [0.09740445178986241, 0.9955793617501856] [0.09738833625638021, 0.9959325973271353]
Train_Test 27 metrics  [0.056589030537688545, 0.9937401180988029] [0.05600881262778162, 0.9938988959907031]
Train_Test 28 metrics  [0.07710087895903044, 0.9965473847245975] [0.0769970716691031, 0.9965136548518303]
Train_Test 29 metrics  [0.03915997055677399, 0.997321803104127] [0.038721954446764344, 0.9979662986635677]
Train_Test 30 metrics  [0.11927788677827875, 0.9967732567519603] [0.12006933529109612, 0.9973852411388727]
Train_Test 31 metrics  [0.058347049377528555, 0.9966119195895583] [0.05889147134332169, 0.9970947123765252]
Train_Test 32 metrics  [0.07930119728555268, 0.9957406989125875] [0.0790207678433735, 0.9965136548518303]
Train_Test 33 metrics  [0.046312102277028644, 0.9959020360769129] [0.04707463655376213, 0.9965136548518303]
Train_Test 34 metrics  [1.057025040447306, 0.3300474331392092] [1.0646692838591243, 0.3265543289131927]
Train_Test 35 metrics  [0.08292489540012064, 0.9954825594527443] [0.08706424999624958, 0.9950610110400929]
Train_Test 36 metrics  [0.036385866426990945, 0.9970636636442838] [0.034143182527509836, 0.9970947123765252]
Train_Test 37 metrics  [0.023797560411214114, 0.9973540705366074] [0.024591122173262085, 0.9973852411388727]
Train_Test 38 metrics  [0.12539606804549183, 0.9771223903713981] [0.11495469947156693, 0.9787914003486345]
Train_Test 39 metrics  [0.02499970618043644, 0.9971120647930044] [0.02465077206591996, 0.9988378849506101]
Train_Test 40 metrics  [0.07483518687114281, 0.9964828498596366] [0.07678331108087375, 0.9962231260894828]
Train_Test 41 metrics  [0.06561204945473063, 0.995772966345068] [0.06520713522991319, 0.9965136548518303]
Train_Test 42 metrics  [0.10549201444716973, 0.9700396889419509] [0.10629214778464592, 0.9716734456711215]
Train_Test 43 metrics  [0.0319290971537015, 0.9968700590494014] [0.029395248801520505, 0.9973852411388727]
Train_Test 44 metrics  [0.034271656760500493, 0.9965473847245975] [0.036294478467973526, 0.9968041836141778]
Train_Test 45 metrics  [0.7166351877786523, 0.9440805395114711] [0.7246244035278085, 0.9436374201045904]
Train_Test 46 metrics  [0.03937831387524938, 0.9972250008066859] [0.04193070889621073, 0.9965136548518303]
Train_Test 47 metrics  [0.07275618349900762, 0.9969345939143622] [0.07561463760920972, 0.9965136548518303]
Train_Test 48 metrics  [0.023497901115231, 0.9973540705385306] [0.024975881107121203, 0.9973852411388727]
Train_Test 49 metrics  [0.0214207338273255, 0.9974508728340485] [0.023421607033838235, 0.9970947123765252]
Train_Test 50 metrics  [0.05478839721897423, 0.9959020360749895] [0.056859643304074385, 0.9947704822777454]
Final_metrics_Test : [0.02465077206591996, 0.9988378849506101]
Final_metrics_Train : [0.02499970617280339, 0.9971120647930044]


              precision    recall  f1-score   support

           0   0.998770  1.000000  0.999385      3248
           1   1.000000  0.979381  0.989583       194

   micro avg   0.998838  0.998838  0.998838      3442
   macro avg   0.999385  0.989691  0.994484      3442
weighted avg   0.998839  0.998838  0.998832      3442

AUC
0.9997200221078714
