Train_Test 1 metrics  [0.2927895505233126, 0.9434960792577757] [0.29310438495549035, 0.9433797909407665]
Train_Test 2 metrics  [0.23523109511179055, 0.9434960792577757] [0.23631458958820736, 0.9433797909407665]
Train_Test 3 metrics  [0.9038796217138323, 0.9434960792539289] [0.9060335431754174, 0.9433797909407665]
Train_Test 4 metrics  [0.3371164274173768, 0.9434960792539289] [0.3375073879714904, 0.9433797909407665]
Train_Test 5 metrics  [0.5161071235029767, 0.9200200071012167] [0.5203365617443598, 0.9185540069686411]
Train_Test 6 metrics  [0.4675000982387362, 0.9434960792539289] [0.4663678197218289, 0.9433797909407665]
Train_Test 7 metrics  [0.1449750485439346, 0.9757333247281293] [0.1386553810327449, 0.9773519163763066]
Train_Test 8 metrics  [0.11523966369542468, 0.9828487527832457] [0.1156280558560645, 0.9822880371660859]
Train_Test 9 metrics  [0.9603975893332561, 0.9001258511123047] [0.984761678417939, 0.8980836236241526]
Train_Test 10 metrics  [0.19387036879329084, 0.9434960792558522] [0.19783345859554033, 0.9433797909407665]
Train_Test 11 metrics  [0.0701565583096437, 0.9885765916938268] [0.07535700167288072, 0.9880952380952381]
Train_Test 12 metrics  [0.04863198140902419, 0.9958695020813837] [0.05313965594493346, 0.9956445993031359]
Train_Test 13 metrics  [0.1957600644067064, 0.9554680693149182] [0.20006624208795692, 0.9561556329849012]
Train_Test 14 metrics  [0.09209944824138311, 0.9798960921617348] [0.1018826906719655, 0.9779326364692218]
Train_Test 15 metrics  [0.26588690611452825, 0.9368485591661557] [0.26952253872232296, 0.9372822298267023]
Train_Test 16 metrics  [0.050698375961276534, 0.9970634741359837] [0.05222687892762903, 0.997096399535424]
Train_Test 17 metrics  [0.04855942684331075, 0.9940301397269999] [0.050613572022744586, 0.993321718931475]
Train_Test 18 metrics  [0.06835422801701532, 0.9893833295685566] [0.07260753976507815, 0.9872241579558653]
Train_Test 19 metrics  [0.0623368655871401, 0.9895769466584917] [0.06426483328463932, 0.9878048780487805]
Train_Test 20 metrics  [0.04264475709788662, 0.9938042531220755] [0.041087261384891716, 0.9941927990708479]
Train_Test 21 metrics  [0.05695772334618803, 0.9971602826809514] [0.058436353412931664, 0.997096399535424]
Train_Test 22 metrics  [0.08283138773725182, 0.9792507018619511] [0.08397511506191391, 0.9764808362369338]
Train_Test 23 metrics  [0.060621239727714556, 0.988092548968989] [0.062284230366003085, 0.9889663182346109]
Train_Test 24 metrics  [0.05652496859796956, 0.9872858110942593] [0.05530538290315043, 0.9869337979094077]
Train_Test 25 metrics  [0.07999423742205354, 0.9895769466584917] [0.0833603964726961, 0.9889663182346109]
Train_Test 26 metrics  [0.038065166484390595, 0.9973538997708864] [0.03787784470065684, 0.9979674796747967]
Train_Test 27 metrics  [0.040144798546049035, 0.9966762399561134] [0.04368451930383495, 0.9968060394889663]
Train_Test 28 metrics  [0.03560547675868772, 0.9960631191713188] [0.037531795847672064, 0.9965156794425087]
Train_Test 29 metrics  [0.03482927059988965, 0.9973216302558973] [0.03746978611480899, 0.9973867595818815]
Train_Test 30 metrics  [0.03155959226088141, 0.997450708315854] [0.03443663575958015, 0.997096399535424]
Train_Test 31 metrics  [0.03727852324176934, 0.996611700926135] [0.03703420655098803, 0.9976771196283392]
Train_Test 32 metrics  [0.025123913182036623, 0.9968698570460486] [0.02633410940892155, 0.9965156794425087]
Train_Test 33 metrics  [0.023481209080694794, 0.9982251766755945] [0.026454349596845148, 0.9976771196283392]
Train_Test 34 metrics  [0.036348662299149924, 0.9963051405337378] [0.035072030761342986, 0.9976771196283392]
Train_Test 35 metrics  [0.02445593736298831, 0.9976443254057892] [0.026253770057947032, 0.9979674796747967]
Train_Test 36 metrics  [0.06141533080453942, 0.9906741101681241] [0.06560033798092299, 0.9901277584204413]
Train_Test 37 metrics  [0.03183437730948591, 0.9969666655910162] [0.033413316111289115, 0.9968060394889663]
Train_Test 38 metrics  [0.04567031997049725, 0.991835812707735] [0.04179662985469752, 0.9912891986062717]
Train_Test 39 metrics  [0.06569214176835352, 0.9788311981670915] [0.06346284298055332, 0.9825783972125436]
Train_Test 40 metrics  [0.027728362235351023, 0.9970312046209946] [0.02987686740764515, 0.997096399535424]
Train_Test 41 metrics  [0.028397087153339322, 0.997773403465746] [0.03245931387414916, 0.997096399535424]
Train_Test 42 metrics  [0.02231373068782768, 0.9978702120107135] [0.02760454471808243, 0.997096399535424]
Train_Test 43 metrics  [0.02553082565255308, 0.9978702120107135] [0.028674208514747165, 0.9976771196283392]
Train_Test 44 metrics  [0.02932709627665627, 0.9956758849914485] [0.028770584013836586, 0.9959349593495935]
Train_Test 45 metrics  [0.026726113148042033, 0.9951918422666107] [0.027551885845699932, 0.9953542392566783]
Train_Test 46 metrics  [0.022598816009362845, 0.9972570912259189] [0.023624437547458656, 0.9973867595818815]
Train_Test 47 metrics  [0.02927381814547005, 0.9959340411113621] [0.030020196383449053, 0.9956445993031359]
Train_Test 48 metrics  [0.023534365494581155, 0.9972570912259189] [0.026016683085160665, 0.997096399535424]
Train_Test 49 metrics  [0.029253208138881246, 0.9975797863758108] [0.034411131483302576, 0.9965156794425087]
Train_Test 50 metrics  [0.02968686909350724, 0.9958049630514053] [0.031082261585209704, 0.9968060394889663]
Final_metrics_Test : [0.03787784470065684, 0.9979674796747967]
Final_metrics_Train : [0.038065166233805944, 0.9973538997708864]


              precision    recall  f1-score   support

           0   0.997850  1.000000  0.998924      3249
           1   1.000000  0.964103  0.981723       195

   micro avg   0.997967  0.997967  0.997967      3444
   macro avg   0.998925  0.982051  0.990324      3444
weighted avg   0.997972  0.997967  0.997950      3444

AUC
0.9992196362979059
