Train_Test 1 metrics  [0.25814772533713043, 0.9434674582943435] [0.25643530391039787, 0.9436374201045904]
Train_Test 2 metrics  [0.36262417077798936, 0.9434674582962668] [0.36163696826028136, 0.9436374201045904]
Train_Test 3 metrics  [0.38995034418833546, 0.9434674582962668] [0.38870160482263216, 0.9436374201045904]
Train_Test 4 metrics  [0.22345482024659968, 0.9434674582962668] [0.22348383402388017, 0.9436374201045904]
Train_Test 5 metrics  [0.46923119684629067, 0.9434674582981901] [0.46865100426332057, 0.9436374201045904]
Train_Test 6 metrics  [0.19227534624143627, 0.9434674582962668] [0.18894184746155554, 0.9436374201045904]
Train_Test 7 metrics  [0.09803026262192939, 0.992933432286793] [0.09558005628805394, 0.9930273097036607]
Train_Test 8 metrics  [0.13722929114441046, 0.9725404149591816] [0.13880092036985575, 0.9726902963393376]
Train_Test 9 metrics  [0.06826232675622715, 0.9882707882952988] [0.06551839551525293, 0.9904125508425334]
Train_Test 10 metrics  [0.09492770768539753, 0.9760736988157852] [0.10262063323135365, 0.9734166182452063]
Train_Test 11 metrics  [0.06727937278512225, 0.9972572682391662] [0.06678742447836603, 0.9973852411388727]
Train_Test 12 metrics  [0.04520071976131801, 0.9972088670904456] [0.044356730553921676, 0.9976757699012202]
Train_Test 13 metrics  [0.31737460378009424, 0.9903036365396405] [0.316534161567688, 0.989540964555491]
Train_Test 14 metrics  [0.07973409356728309, 0.995046949114259] [0.08169781229415998, 0.9933178384660082]
Train_Test 15 metrics  [0.05510819658263448, 0.9948533445193766] [0.05217601090912068, 0.9947704822777454]
Train_Test 16 metrics  [0.06603591804806774, 0.9963215126972347] [0.06261085446562481, 0.9962231260894828]
Train_Test 17 metrics  [0.14283437327645315, 0.9669904165744766] [0.14294302211571128, 0.9668797210923882]
Train_Test 18 metrics  [0.09090274234065927, 0.9967087218869994] [0.09499555559507433, 0.9965136548518303]
Train_Test 19 metrics  [0.053286046816754876, 0.9961117743861121] [0.05560009315921635, 0.9959325973271353]
Train_Test 20 metrics  [0.042887996602602126, 0.9972250008066859] [0.04124026876083645, 0.9973852411388727]
Train_Test 21 metrics  [0.036328382228187794, 0.9972572682391662] [0.03510086692302536, 0.9976757699012202]
Train_Test 22 metrics  [0.056344822732990324, 0.9878351779548902] [0.05434114463683618, 0.9877977919814062]
Train_Test 23 metrics  [0.10937658096411072, 0.9604401277809559] [0.10760073581215845, 0.9601975595583963]
Train_Test 24 metrics  [0.10490102749105722, 0.9962892452647543] [0.10664817931986631, 0.9965136548518303]
Train_Test 25 metrics  [0.03816411910295344, 0.9961601755348327] [0.04053047341594926, 0.9959325973271353]
Train_Test 26 metrics  [0.04640872227601693, 0.9974508728340485] [0.04478400319009448, 0.9979662986635677]
Train_Test 27 metrics  [0.051923286565844676, 0.9905133748507631] [0.05128901924143552, 0.9918651946542708]
Train_Test 28 metrics  [0.0426359942282008, 0.9965473847245975] [0.04130081445160541, 0.9969494479953516]
Train_Test 29 metrics  [0.06489299466575452, 0.9967087218869994] [0.06533244462171867, 0.9965136548518303]
Train_Test 30 metrics  [0.08044651873811956, 0.9901422993772385] [0.07814679772553577, 0.9915746658919233]
Train_Test 31 metrics  [0.03626331761957796, 0.9964667161433964] [0.036706547791280075, 0.9962231260894828]
Train_Test 32 metrics  [0.061130332730792006, 0.9968216579026041] [0.06098451832485781, 0.9968041836141778]
Train_Test 33 metrics  [0.04496755239594529, 0.9951921525604208] [0.043776744365137996, 0.9954968041836142]
Train_Test 34 metrics  [0.07335732220860042, 0.9969668613468426] [0.07150410738693012, 0.9970947123765252]
Train_Test 35 metrics  [0.04938418342535687, 0.9969991287793231] [0.046913280340646464, 0.9973852411388727]
Train_Test 36 metrics  [0.04904301051843901, 0.9946597399244942] [0.05028894516914858, 0.9950610110400929]
Train_Test 37 metrics  [0.07742001463669836, 0.9945306701945726] [0.07512040968328489, 0.994479953515398]
Train_Test 38 metrics  [0.08209699701126792, 0.9834468071375561] [0.07670855118781068, 0.9857640906449738]
Train_Test 39 metrics  [0.08227856288068154, 0.9928366299893517] [0.07803827952777556, 0.9941894247530505]
Train_Test 40 metrics  [0.0695008647944179, 0.9893840147139492] [0.06505407035926586, 0.9912841371295759]
Train_Test 41 metrics  [0.37067193066239884, 0.9591816979122971] [0.36169239699857864, 0.9601975595583963]
Train_Test 42 metrics  [0.07295015896252055, 0.9934174437739989] [0.07213524334621872, 0.9930273097036607]
Train_Test 43 metrics  [0.05604364963017638, 0.9969345939143622] [0.05462526802335071, 0.9976757699012202]
Train_Test 44 metrics  [0.04459577092743944, 0.995772966345068] [0.04192517955399474, 0.9962231260894828]
Train_Test 45 metrics  [0.041291842417603544, 0.996837791616921] [0.0421374369691895, 0.9970947123765252]
Train_Test 46 metrics  [0.09246110095278014, 0.9955148268852247] [0.093795298361141, 0.9953515398024404]
Train_Test 47 metrics  [0.10039186744301092, 0.99512761769546] [0.10124794540971188, 0.9947704822777454]
Train_Test 48 metrics  [0.03233749700785847, 0.9978703494562937] [0.03308993020895295, 0.9979662986635677]
Train_Test 49 metrics  [0.05866703529804363, 0.9934497112064793] [0.05744209805723195, 0.9938988959907031]
Train_Test 50 metrics  [0.2361918362748557, 0.9481462360040012] [0.2375138557707065, 0.94712376525276]
Final_metrics_Test : [0.04478400319009448, 0.9979662986635677]
Final_metrics_Train : [0.04640872241425332, 0.9974508728340485]


              precision    recall  f1-score   support

           0   0.997849  1.000000  0.998924      3248
           1   1.000000  0.963918  0.981627       194

   micro avg   0.997966  0.997966  0.997966      3442
   macro avg   0.998925  0.981959  0.990275      3442
weighted avg   0.997971  0.997966  0.997949      3442

AUC
0.9999220923743037
