Train_Test 1 metrics  [0.2731094375838846, 0.9434674582943435] [0.2728782456361714, 0.9436374201045904]
Train_Test 2 metrics  [0.37001630912360683, 0.9434674582962668] [0.36935279579624264, 0.9436374201045904]
Train_Test 3 metrics  [0.22636293666342605, 0.9434674582943435] [0.22578137704343867, 0.9436374201045904]
Train_Test 4 metrics  [0.2315235521337469, 0.9434674582962668] [0.23101704204449605, 0.9436374201045904]
Train_Test 5 metrics  [0.22578808276963555, 0.9434674582962668] [0.22536618554318527, 0.9436374201045904]
Train_Test 6 metrics  [0.22363730428918227, 0.9434674583001134] [0.22316045886395908, 0.9436374201045904]
Train_Test 7 metrics  [0.2203356482189298, 0.9434674582943435] [0.21987218553073734, 0.9436374201045904]
Train_Test 8 metrics  [0.2212254787063765, 0.9434674582962668] [0.2207890562388455, 0.9436374201045904]
Train_Test 9 metrics  [0.0877705999508489, 0.9936755832338421] [0.08743601246049139, 0.9947704822777454]
Train_Test 10 metrics  [0.059004537940197464, 0.9962247103997934] [0.062280910989006615, 0.9953515398024404]
Train_Test 11 metrics  [0.16510762308451749, 0.9962569778341972] [0.16907049048386777, 0.9959325973271353]
Train_Test 12 metrics  [0.16405319657365094, 0.9919976767448614] [0.16433055975941432, 0.9912841369910409]
Train_Test 13 metrics  [0.05659255556703799, 0.9972895356716466] [0.0605552736983647, 0.9970947123765252]
Train_Test 14 metrics  [0.19772810282209774, 0.9442902778264403] [0.20309909774701584, 0.9459616502033701]
Train_Test 15 metrics  [0.08447632469220744, 0.9939337226936853] [0.08439680679394436, 0.9941894247530505]
Train_Test 16 metrics  [0.053957090020850015, 0.9970959310767642] [0.05719543060527022, 0.9962231260894828]
Train_Test 17 metrics  [0.0439421294263596, 0.9973540705366074] [0.045034920257764594, 0.9973852411388727]
Train_Test 18 metrics  [0.052172981532927244, 0.9954180245877835] [0.05377905608470325, 0.9959325973271353]
Train_Test 19 metrics  [0.1615764175112475, 0.9937885192494468] [0.16243535338239154, 0.9938988959907031]
Train_Test 20 metrics  [0.049732529299709276, 0.9965473847245975] [0.05075986724496234, 0.9968041836141778]
Train_Test 21 metrics  [0.3161316685195118, 0.9430157142396179] [0.3129851444992889, 0.9430563625798954]
Train_Test 22 metrics  [0.13508880484541128, 0.9438869349204353] [0.13816189148151065, 0.9436374201045904]
Train_Test 23 metrics  [0.06187742819226991, 0.9952244199929011] [0.061952965469345804, 0.9950610110400929]
Train_Test 24 metrics  [0.043669292205078994, 0.9965151172921171] [0.04348238612125254, 0.9959325973271353]
Train_Test 25 metrics  [0.06058141205781142, 0.99512761769546] [0.06338662743343301, 0.9933178384660082]
Train_Test 26 metrics  [0.06798042513030796, 0.9903197702558807] [0.06876380241138862, 0.9904125508425334]
Train_Test 27 metrics  [0.04247437776044275, 0.9968055241844407] [0.04679098387423606, 0.9965136548518303]
Train_Test 28 metrics  [0.11912372156919715, 0.973702042528476] [0.11455380965299138, 0.9738524113887275]
Train_Test 29 metrics  [0.1875562248742806, 0.9922235487722242] [0.19694681985131673, 0.9912841371295759]
Train_Test 30 metrics  [0.03877492142606038, 0.9959020360749895] [0.04237298683881898, 0.9962231260894828]
Train_Test 31 metrics  [0.02950004615671679, 0.9973218031060503] [0.02882092248893006, 0.9976757699012202]
Train_Test 32 metrics  [0.0561465260846109, 0.9889000032267432] [0.050784614745620585, 0.9904125508425334]
Train_Test 33 metrics  [0.043188815090379404, 0.9969023264818818] [0.04479558455591663, 0.9970947123765252]
Train_Test 34 metrics  [0.08476128792291358, 0.9803491336194379] [0.08663657137486631, 0.9785008715862871]
Train_Test 35 metrics  [0.03965305894116096, 0.9939337226956085] [0.03961295721200682, 0.9930273097036607]
Train_Test 36 metrics  [0.035667865916926486, 0.9956761640495501] [0.03749919060199916, 0.9959325973271353]
Train_Test 37 metrics  [0.05914668397241869, 0.9899486947842795] [0.0604977696724907, 0.9904125508425334]
Train_Test 38 metrics  [0.034026097792013314, 0.9952244199929011] [0.037223042460252626, 0.9950610110400929]
Train_Test 39 metrics  [0.03517172582151102, 0.992933432286793] [0.037758382793812474, 0.9930273097036607]
Train_Test 40 metrics  [3.072054848474476, 0.31241328127809387] [3.0785690436593187, 0.31348053471145765]
Train_Test 41 metrics  [0.07852388595960436, 0.9907715143106063] [0.08010534694086044, 0.990122022080186]
Train_Test 42 metrics  [0.05104102446572609, 0.9941273272885677] [0.04816936318075878, 0.9956420685647879]
Train_Test 43 metrics  [0.048440452232170264, 0.9915136652576555] [0.05320617030247535, 0.9909936083672284]
Train_Test 44 metrics  [0.021777381086031136, 0.997483140266529] [0.023366853682987743, 0.9976757699012202]
Train_Test 45 metrics  [0.19477998263991367, 0.968184311574328] [0.19892149538078813, 0.9665891923300407]
Train_Test 46 metrics  [0.28888217474914146, 0.9655222483946952] [0.2969345794400803, 0.9628123184195235]
Train_Test 47 metrics  [0.07168752494130214, 0.9847697718711756] [0.07153993993261606, 0.9848925043579314]
Train_Test 48 metrics  [0.050012794806642134, 0.9961279081023523] [0.05512950583677663, 0.9950610110400929]
Train_Test 49 metrics  [0.03330780579333926, 0.9970636636442838] [0.034910308862757644, 0.9970947123765252]
Train_Test 50 metrics  [0.035468674735903746, 0.9972250008066859] [0.034765324764763246, 0.9973852411388727]
Final_metrics_Test : [0.02882092248893006, 0.9976757699012202]
Final_metrics_Train : [0.02950004607918421, 0.997321803104127]


              precision    recall  f1-score   support

           0   0.997543  1.000000  0.998770      3248
           1   1.000000  0.958763  0.978947       194

   micro avg   0.997676  0.997676  0.997676      3442
   macro avg   0.998771  0.979381  0.988859      3442
weighted avg   0.997681  0.997676  0.997653      3442

AUC
0.9993715057628009
