Train_Test 1 metrics  [0.2645260638883543, 0.9434960792558522] [0.26875409990999066, 0.9433797909407665]
Train_Test 2 metrics  [0.9134752818019121, 0.943496079259699] [0.9153387972914141, 0.9433797909407665]
Train_Test 3 metrics  [0.2519678520118365, 0.9434960792539289] [0.252436419230703, 0.9433797909407665]
Train_Test 4 metrics  [0.08787882269465522, 0.9886411307238052] [0.08250088082857941, 0.9888211382113821]
Train_Test 5 metrics  [0.40106856071658376, 0.9434960792539289] [0.4066273574041296, 0.9433797909407665]
Train_Test 6 metrics  [0.07768011689517886, 0.9921423731001323] [0.07509143767352719, 0.9931765389082462]
Train_Test 7 metrics  [0.09494748928474854, 0.9840427248378457] [0.09235960890460028, 0.9849012775842044]
Train_Test 8 metrics  [0.05198023357443367, 0.9969021265629612] [0.048633618602630845, 0.997096399535424]
Train_Test 9 metrics  [0.07850307922648869, 0.9948530123611476] [0.07486266627665458, 0.9962253193960511]
Train_Test 10 metrics  [0.13332986727223714, 0.9772661266920393] [0.13235313977513993, 0.9766260161909354]
Train_Test 11 metrics  [0.0927884770118085, 0.9961921972312756] [0.08997352710307406, 0.9972415795586528]
Train_Test 12 metrics  [0.38620382568920764, 0.811658975769441] [0.387279034076252, 0.8134436702202145]
Train_Test 13 metrics  [0.0472314933627414, 0.9964826228661783] [0.04576660250502873, 0.9965156794425087]
Train_Test 14 metrics  [0.039646166383050685, 0.9973054954984026] [0.03657572226908218, 0.9979674796747967]
Train_Test 15 metrics  [0.16046889651152127, 0.9963212752912324] [0.15844791004397452, 0.9965156794425087]
Train_Test 16 metrics  [0.0386485730499912, 0.9958049630514053] [0.03866051293424959, 0.9950638792102207]
Train_Test 17 metrics  [0.053018898967717346, 0.9968375875310594] [0.051631669757258185, 0.997096399535424]
Train_Test 18 metrics  [0.045694382416166815, 0.9941914873019458] [0.04725077178039341, 0.9939024390243902]
Train_Test 19 metrics  [0.04456025371848219, 0.9971280131659621] [0.042325869310781375, 0.9976771196283392]
Train_Test 20 metrics  [0.04247110793967794, 0.9970634741359837] [0.0346701606312003, 0.9979674796747967]
Train_Test 21 metrics  [0.0521166820242939, 0.9954822679015134] [0.05491164400221717, 0.9944831591173054]
Train_Test 22 metrics  [0.05761914830124118, 0.9938365226370648] [0.05678493563306456, 0.9944831591173054]
Train_Test 23 metrics  [0.07583242955910717, 0.9862531866146051] [0.074533184806402, 0.9863530778164924]
Train_Test 24 metrics  [0.22746601531714775, 0.9515634580012262] [0.22278151668080332, 0.9509291521486644]
Train_Test 25 metrics  [0.02841197836604018, 0.9948046080867404] [0.02639577365788641, 0.9956445993031359]
Train_Test 26 metrics  [0.03566747301705431, 0.9964180838361999] [0.03295766664117263, 0.9962253193960511]
Train_Test 27 metrics  [0.02113223656779493, 0.9978702120107135] [0.019902067583456688, 0.9982578397212544]
Train_Test 28 metrics  [0.039506574696269905, 0.9948368776017297] [0.03553061759689959, 0.9959349593495935]
Train_Test 29 metrics  [0.05630155836832081, 0.9962890057762431] [0.056383749532851885, 0.9965156794425087]
Train_Test 30 metrics  [0.045195943741722006, 0.9956113459614702] [0.04472497402410197, 0.9965156794425087]
Train_Test 31 metrics  [0.057373003495064974, 0.986898576914389] [0.05603080242223233, 0.9872241579558653]
Train_Test 32 metrics  [0.2525103321440989, 0.9476265771725451] [0.24301015238659446, 0.9494773519163763]
Train_Test 33 metrics  [0.02881930661283607, 0.9969989351060053] [0.02942999716281337, 0.9973867595818815]
Train_Test 34 metrics  [0.06871151833889168, 0.9861563780696376] [0.06892011000944624, 0.9880952380952381]
Train_Test 35 metrics  [0.03652851274558307, 0.9952241117835233] [0.03529907662949323, 0.9953542392566783]
Train_Test 36 metrics  [0.03655520588147059, 0.9959340411113621] [0.03660063278773728, 0.9956445993031359]
Train_Test 37 metrics  [0.08366085406472273, 0.9893833295685566] [0.0775381498791615, 0.9909988385598142]
Train_Test 38 metrics  [0.03621814980083054, 0.9940946787569783] [0.03773147654562808, 0.9939024390243902]
Train_Test 39 metrics  [0.041937860987145, 0.9950950337216432] [0.037828139049995095, 0.9959349593495935]
Train_Test 40 metrics  [0.028017045868178214, 0.9979024815257027] [0.02726278044110322, 0.9979674796747967]
Train_Test 41 metrics  [0.06046445640731752, 0.9875439672141728] [0.05791656248937777, 0.9892566782810686]
Train_Test 42 metrics  [0.09603590988174036, 0.9937558488495918] [0.0977408031691796, 0.9936120789779327]
Train_Test 43 metrics  [0.028979779630594088, 0.9965632966536513] [0.027878448094536618, 0.9959349593495935]
Train_Test 44 metrics  [0.05568976943437361, 0.9893187905385782] [0.058176291762536414, 0.9883855981416957]
Train_Test 45 metrics  [0.1046033092120821, 0.9753138210351933] [0.10588606812155067, 0.9750290360046457]
Train_Test 46 metrics  [0.07586236831999658, 0.9796218012843267] [0.07661255752791096, 0.9783681765389083]
Train_Test 47 metrics  [0.0570182903826683, 0.9964019490787054] [0.051745473590012074, 0.9976771196283392]
Train_Test 48 metrics  [0.06342169274403352, 0.9882216270308691] [0.05949440778478651, 0.9891114982578397]
Train_Test 49 metrics  [0.21309835259664123, 0.9895124076285133] [0.207810880830479, 0.9921602787456446]
Train_Test 50 metrics  [0.08054555638431599, 0.9964503533511891] [0.07877088570913234, 0.997096399535424]
Final_metrics_Test : [0.019902067583456688, 0.9982578397212544]
Final_metrics_Train : [0.02113223651279734, 0.9978702120107135]


              precision    recall  f1-score   support

           0   0.998157  1.000000  0.999077      3249
           1   1.000000  0.969231  0.984375       195

   micro avg   0.998258  0.998258  0.998258      3444
   macro avg   0.999078  0.984615  0.991726      3444
weighted avg   0.998261  0.998258  0.998245      3444

AUC
0.9999757190205053
