Train_Test 1 metrics  [0.3026560861032489, 0.9434960792577757] [0.30211032991071474, 0.9433797909407665]
Train_Test 2 metrics  [0.09737070856268544, 0.9886734002387945] [0.10280246156917909, 0.9862078977932637]
Train_Test 3 metrics  [0.08218573638831235, 0.9937235793346026] [0.08997696794733907, 0.991869918699187]
Train_Test 4 metrics  [0.12624308723927374, 0.9801542482816483] [0.14122674099313534, 0.975609756097561]
Train_Test 5 metrics  [0.26008832863214315, 0.9458517538519865] [0.26071655710469, 0.945993031358885]
Train_Test 6 metrics  [0.06217651048150989, 0.9958372325663946] [0.06322223501026838, 0.9956445993031359]
Train_Test 7 metrics  [0.06171145245945924, 0.9968053180160702] [0.07014053366844662, 0.9944831591173054]
Train_Test 8 metrics  [0.06481812081654262, 0.9968698570460486] [0.06773050665059295, 0.9962253193960511]
Train_Test 9 metrics  [0.3736954238007895, 0.943528348768918] [0.37614218897589685, 0.9433797909407665]
Train_Test 10 metrics  [0.062079894438685536, 0.9949659556616864] [0.06924487032974085, 0.9930313588850174]
Train_Test 11 metrics  [0.5246990369844116, 0.9434960792558522] [0.5329939098671753, 0.9433797909407665]
Train_Test 12 metrics  [0.06845897699517312, 0.9957888282939107] [0.06921168798353614, 0.9962253193960511]
Train_Test 13 metrics  [0.06185859139577002, 0.9969021265610378] [0.06388382891433164, 0.9962253193960511]
Train_Test 14 metrics  [0.10249605634470309, 0.9740391751931203] [0.11377709851309259, 0.9725609756097561]
Train_Test 15 metrics  [0.09488838928920217, 0.9968214527735648] [0.09116771899847342, 0.9962253193960511]
Train_Test 16 metrics  [0.07655935856430762, 0.9969666655910162] [0.07751991764212873, 0.9965156794425087]
Train_Test 17 metrics  [0.058803845481507265, 0.996934396076027] [0.062261349016434916, 0.9968060394889663]
Train_Test 18 metrics  [0.051158654209873235, 0.9961599277162865] [0.059399758793335755, 0.9944831591173054]
Train_Test 19 metrics  [0.06657661729316104, 0.9973216302558973] [0.0667532336974947, 0.997096399535424]
Train_Test 20 metrics  [0.06434358773410018, 0.9960631191713188] [0.0802649637677736, 0.9947735191637631]
Train_Test 21 metrics  [0.049978224177558685, 0.9944496434218594] [0.055258283696627365, 0.9936120789779327]
Train_Test 22 metrics  [0.062326976929605635, 0.9945141824518378] [0.06980679381063314, 0.9930313588850174]
Train_Test 23 metrics  [0.04835222638919149, 0.9966762399561134] [0.048886003481109525, 0.9965156794425087]
Train_Test 24 metrics  [0.06026664268547723, 0.9959663106263513] [0.058128028199440095, 0.9965156794425087]
Train_Test 25 metrics  [0.034292515026885524, 0.997370034528381] [0.03629292680748871, 0.9965156794425087]
Train_Test 26 metrics  [0.03737460098062643, 0.9975797863758108] [0.04046329298639685, 0.9965156794425087]
Train_Test 27 metrics  [0.03609481229962213, 0.9972570912259189] [0.03849883559057175, 0.9965156794425087]
Train_Test 28 metrics  [0.03543845696205333, 0.9971280131659621] [0.03617444392574927, 0.9968060394889663]
Train_Test 29 metrics  [0.04077137600991282, 0.9968053180160702] [0.04150499336412836, 0.9965156794425087]
Train_Test 30 metrics  [0.03794843914290397, 0.9973216302558973] [0.03902610581320614, 0.9965156794425087]
Train_Test 31 metrics  [0.03600621854076716, 0.9971925521959405] [0.04154765753467047, 0.9962253193960511]
Train_Test 32 metrics  [0.05307433122986644, 0.9938687921520539] [0.06311390771877787, 0.9921602787456446]
Train_Test 33 metrics  [0.027852056615559263, 0.9973538997708864] [0.031248792668460555, 0.9962253193960511]
Train_Test 34 metrics  [0.02466481296291075, 0.9974829778308432] [0.028362280376575687, 0.9965156794425087]
Train_Test 35 metrics  [0.024157371602914254, 0.9974184388008648] [0.027006044951413566, 0.9968060394889663]
Train_Test 36 metrics  [0.037769981986658555, 0.9977411339507567] [0.0387025034697629, 0.997096399535424]
Train_Test 37 metrics  [0.06332778159519714, 0.9960147148988351] [0.06603014244158233, 0.9956445992339087]
Train_Test 38 metrics  [0.04373195561585439, 0.9957404240214269] [0.04356213993502134, 0.9950638792102207]
Train_Test 39 metrics  [0.04775972717298174, 0.9962567362631775] [0.048904396913746644, 0.9959349593495935]
Train_Test 40 metrics  [0.023730099684039156, 0.9969666655910162] [0.02710104687085308, 0.9962253193960511]
Train_Test 41 metrics  [0.0374082583762945, 0.9927070896124431] [0.03701808510194603, 0.9927409988385598]
Train_Test 42 metrics  [0.024629785990302647, 0.9973861692858756] [0.025903726943079533, 0.9973867595818815]
Train_Test 43 metrics  [0.05114210958858055, 0.989286521023589] [0.05826205352557073, 0.9895470383275261]
Train_Test 44 metrics  [0.027043783413505634, 0.9970634741379072] [0.02673187736166548, 0.9968060394889663]
Train_Test 45 metrics  [0.03112723398391679, 0.9975797863758108] [0.035320127793911166, 0.9962253193960511]
Train_Test 46 metrics  [0.022610399715967604, 0.9973538997708864] [0.024598487926502124, 0.9968060394889663]
Train_Test 47 metrics  [0.03111427958061506, 0.9943528348768919] [0.036460791644180555, 0.9930313588850174]
Train_Test 48 metrics  [0.06565689462024253, 0.986301590887089] [0.06662775583848635, 0.9875145180023229]
Train_Test 49 metrics  [0.024343905451252926, 0.9973538997708864] [0.02328060912433471, 0.997096399535424]
Train_Test 50 metrics  [0.02580733736185076, 0.9968053180160702] [0.02607190618172513, 0.9965156794425087]
Final_metrics_Test : [0.025903726943079533, 0.9973867595818815]
Final_metrics_Train : [0.02462978614086982, 0.9973861692858756]


              precision    recall  f1-score   support

           0   0.997238  1.000000  0.998617      3249
           1   1.000000  0.953846  0.976378       195

   micro avg   0.997387  0.997387  0.997387      3444
   macro avg   0.998619  0.976923  0.987497      3444
weighted avg   0.997394  0.997387  0.997358      3444

AUC
0.9998183985075291
