Train_Test 1 metrics  [0.26653889911600004, 0.9434960792577757] [0.2673692437760644, 0.9433797909407665]
Train_Test 2 metrics  [0.31901184187176546, 0.9434960792558522] [0.3211649930435606, 0.9433797909407665]
Train_Test 3 metrics  [0.24745101787570895, 0.9434960792539289] [0.24785752930655713, 0.9433797909407665]
Train_Test 4 metrics  [0.25285141602215766, 0.9401884539675369] [0.24915170397838787, 0.9409117305458768]
Train_Test 5 metrics  [1.9003348084555356, 0.38565297364157647] [1.864990651815195, 0.3953252032866461]
Train_Test 6 metrics  [0.19602802855949086, 0.9015779792829713] [0.19801276910111187, 0.9031649246448423]
Train_Test 7 metrics  [0.10862296683437123, 0.9814772983962051] [0.09252503618996041, 0.9866434378629501]
Train_Test 8 metrics  [0.08961198196940764, 0.9903998192907161] [0.08796873285449201, 0.9909988385598142]
Train_Test 9 metrics  [0.3775486337845837, 0.9037884410635777] [0.37131247959347413, 0.912601625947033]
Train_Test 10 metrics  [0.088182284234329, 0.9873019458517538] [0.09226810932159424, 0.9878048780487805]
Train_Test 11 metrics  [0.10190593047416922, 0.9924489334925296] [0.1005617475935391, 0.9930313588850174]
Train_Test 12 metrics  [0.11036858070535849, 0.9718932524444157] [0.10438526423516035, 0.9738675957495881]
Train_Test 13 metrics  [0.06521475350605006, 0.9908031882280809] [0.07517337913297195, 0.9869337977709532]
Train_Test 14 metrics  [0.44382238245224065, 0.9434960792539289] [0.4443658460342649, 0.9433797909407665]
Train_Test 15 metrics  [5.937995552181901, 0.4076769176274687] [5.925145275501424, 0.4092624855512249]
Train_Test 16 metrics  [3.2817969342208086, 0.1750782535738488] [3.291729989367495, 0.18089430897770303]
Train_Test 17 metrics  [1.7759223264824513, 0.3407015392674055] [1.7842938236797037, 0.33536585372776384]
Train_Test 18 metrics  [0.16964519300698433, 0.9494014004969505] [0.16396319136698487, 0.9515098722415796]
Train_Test 19 metrics  [0.18352725677522316, 0.9934976927296783] [0.18426548359909123, 0.9912891984678173]
Train_Test 20 metrics  [0.22465302111133956, 0.943528348768918] [0.1958518940674165, 0.9433797909407665]
Train_Test 21 metrics  [0.3382690783356023, 0.9243118525928555] [0.33772067211646234, 0.9233449477351916]
Train_Test 22 metrics  [0.16070724545249426, 0.9939010616670432] [0.16159647495489088, 0.9930313588850174]
Train_Test 23 metrics  [0.04951625245976507, 0.9963535448062215] [0.049258397829380324, 0.9959349593495935]
Train_Test 24 metrics  [0.12598120649504352, 0.9956113459614702] [0.1279853360508931, 0.9947735191637631]
Train_Test 25 metrics  [0.06416179579532832, 0.9949982251766756] [0.06669284174008928, 0.9939024390243902]
Train_Test 26 metrics  [0.05505320454457691, 0.9896737552034592] [0.059608197066842054, 0.9886759581881533]
Train_Test 27 metrics  [0.046742473896982946, 0.9963858143212108] [0.04681832759568639, 0.9965156794425087]
Train_Test 28 metrics  [0.04650162545055129, 0.9956113459614702] [0.04665477873063046, 0.9950638792102207]
Train_Test 29 metrics  [0.07397968521905302, 0.9928038981574107] [0.07141128511240535, 0.993321718931475]
Train_Test 30 metrics  [0.6213411275963265, 0.5556165090934856] [0.6272816948082112, 0.5547328688957135]
Train_Test 31 metrics  [0.06978178420310703, 0.9870599244893349] [0.06326521987595209, 0.990418118466899]
Train_Test 32 metrics  [0.2875807321613258, 0.9335570686372584] [0.2863539068091068, 0.9323461091061502]
Train_Test 33 metrics  [0.08675105900755031, 0.9725386427441995] [0.08623608665564611, 0.9729965156794426]
Train_Test 34 metrics  [0.1302310484357051, 0.9792829713769402] [0.14379220430790063, 0.9790940766550522]
Train_Test 35 metrics  [0.048833089402707204, 0.9946109909968053] [0.053758060094509945, 0.9939024390243902]
Train_Test 36 metrics  [0.03881325905792111, 0.9977411339507567] [0.040697902025661405, 0.9965156794425087]
Train_Test 37 metrics  [0.03963466752579588, 0.9962890057762431] [0.04094647343565778, 0.9968060394889663]
Train_Test 38 metrics  [0.04629695869710801, 0.9908838620155539] [0.050203533170357535, 0.9898373983739838]
Train_Test 39 metrics  [0.03709178746211598, 0.997289360740908] [0.038010967962452485, 0.9973867595818815]
Train_Test 40 metrics  [0.03783356804027901, 0.9961599277162865] [0.038724042224274835, 0.9959349593495935]
Train_Test 41 metrics  [0.03484558770498885, 0.996256736261254] [0.03516758115838837, 0.9968060394889663]
Train_Test 42 metrics  [0.02807518633165396, 0.9952563812985126] [0.031225062249083415, 0.9941927990708479]
Train_Test 43 metrics  [0.03532145834288114, 0.9959340411113621] [0.03538235550601377, 0.9950638792102207]
Train_Test 44 metrics  [0.027832872908591395, 0.9975152473458324] [0.02991775485592852, 0.9968060394889663]
Train_Test 45 metrics  [0.039972054167916944, 0.991158152892962] [0.040022627938361394, 0.9898373983739838]
Train_Test 46 metrics  [0.048006619729755375, 0.9942882958488368] [0.05061214555240951, 0.9936120789779327]
Train_Test 47 metrics  [0.04681590119384412, 0.9939333311820323] [0.045903584576978775, 0.9944831591173054]
Train_Test 48 metrics  [0.07290898448582936, 0.9859627609816259] [0.06442433105009358, 0.9885307781649245]
Train_Test 49 metrics  [0.9398464319678189, 0.7019910290844501] [0.9616014654212712, 0.6967189313365746]
Train_Test 50 metrics  [0.028781936066460487, 0.9980638291006486] [0.0308994638596193, 0.9976771196283392]
Final_metrics_Test : [0.0308994638596193, 0.9976771196283392]
Final_metrics_Train : [0.028781936066460487, 0.9980638291006486]


              precision    recall  f1-score   support

           0   0.997544  1.000000  0.998770      3249
           1   1.000000  0.958974  0.979058       195

   micro avg   0.997677  0.997677  0.997677      3444
   macro avg   0.998772  0.979487  0.988914      3444
weighted avg   0.997683  0.997677  0.997654      3444

AUC
0.9998506045289423
