Train_Test 1 metrics  [0.26169671556879603, 0.9434656340793549] [0.26109319392103736, 0.9436537902991577]
Train_Test 2 metrics  [0.13170780343234673, 0.9434656340639681] [0.13932489230904233, 0.9436537902991577]
Train_Test 3 metrics  [0.3315242420784617, 0.9434494998271176] [0.33741795363279575, 0.9433633459192564]
Train_Test 4 metrics  [0.071215530518333, 0.9896902226524685] [0.0716442941641205, 0.9883822249251328]
Train_Test 5 metrics  [0.16172137684680138, 0.971700548564053] [0.17123282943359128, 0.9695033401103689]
Train_Test 6 metrics  [0.15214884363093195, 0.953484995159729] [0.15364173279207977, 0.9507696776067384]
Train_Test 7 metrics  [0.7069051422345837, 0.9540335592126492] [0.7102117110233113, 0.953964565785652]
Train_Test 8 metrics  [0.08101225484375339, 0.9891093901258471] [0.08766863767123659, 0.9875108916642463]
Train_Test 9 metrics  [0.07767126450387844, 0.9954178767344305] [0.07480451506634213, 0.9947720011617776]
Train_Test 10 metrics  [0.17877336286679127, 0.9718134882220071] [0.18400226793523242, 0.969067673540517]
Train_Test 11 metrics  [0.21478668396782205, 0.9523394643433366] [0.22339576235429998, 0.950914899796689]
Train_Test 12 metrics  [0.32595342978541797, 0.9161665053319915] [0.3205324698985056, 0.9205634622181913]
Train_Test 13 metrics  [0.04330627851839718, 0.9952565343659245] [0.04158590129497368, 0.9956433343014812]
Train_Test 14 metrics  [0.05185737503742395, 0.9955469506292353] [0.049804852848573375, 0.996514667441185]
Train_Test 15 metrics  [0.04839862849937211, 0.994433688286544] [0.0475331337707544, 0.99535288992158]
Train_Test 16 metrics  [0.09355075759209137, 0.9821716682800904] [0.0824550037893607, 0.9830090037757769]
Train_Test 17 metrics  [0.0595134640223713, 0.9952888028396257] [0.06162245363005711, 0.9950624455416788]
Train_Test 18 metrics  [0.03410748735397198, 0.9967892868667312] [0.0346616992941697, 0.996514667441185]
Train_Test 19 metrics  [0.1427616729865962, 0.9588576960194376] [0.14071378866418863, 0.9578855649143189]
Train_Test 20 metrics  [0.10598437744341538, 0.959567602452404] [0.1074478601287015, 0.9590473424339239]
Train_Test 21 metrics  [0.06028706482537968, 0.9919328815747015] [0.0631127890903798, 0.9912866686029626]
Train_Test 22 metrics  [0.048062036831500496, 0.9932074862858987] [0.049410225363135024, 0.9921580017426663]
Train_Test 23 metrics  [0.14331378661343727, 0.9914488544576435] [0.14381986831358412, 0.9927388905024688]
Train_Test 24 metrics  [0.405872693758851, 0.9497257179619998] [0.40516695814737913, 0.9477200116177752]
Train_Test 25 metrics  [0.04211568374904404, 0.9961600516295579] [0.04256733999547832, 0.9962242230612838]
Train_Test 26 metrics  [0.042101966020617804, 0.9965472733139723] [0.04317566964503745, 0.996514667441185]
Train_Test 27 metrics  [0.04639767598782712, 0.9920942239432075] [0.04425330213594326, 0.9933197792622713]
Train_Test 28 metrics  [0.1208181537911368, 0.9568247821878025] [0.12672979849808064, 0.9552715654952076]
Train_Test 29 metrics  [0.039786538122045724, 0.9931752178121975] [0.03810774090946275, 0.9933197792622713]
Train_Test 30 metrics  [0.04440070855190539, 0.995514682143994] [0.04519488596696338, 0.9950624455416788]
Train_Test 31 metrics  [0.14852138823580457, 0.984462729901335] [0.15343700498212676, 0.9840255591054313]
Train_Test 32 metrics  [0.036729573762322595, 0.9966440787350759] [0.036224235346388786, 0.9968051118210862]
Train_Test 33 metrics  [0.057816972000997426, 0.9940303323652792] [0.059939431502112395, 0.9924484461225676]
Train_Test 34 metrics  [0.18050349667865487, 0.989028718941594] [0.18013031501999227, 0.9872204474055278]
Train_Test 35 metrics  [0.04314780060650265, 0.9932397547595999] [0.04539338924745955, 0.9927388905024688]
Train_Test 36 metrics  [0.026361982383990373, 0.9976928041303647] [0.028747666594167973, 0.9970955562009876]
Train_Test 37 metrics  [0.033642531490472104, 0.9965472733139723] [0.03545350253131893, 0.9962242230612838]
Train_Test 38 metrics  [0.0690199639685464, 0.9955792191029365] [0.0656761101991016, 0.9968051118210862]
Train_Test 39 metrics  [0.043088864702785466, 0.9919651500484027] [0.04395665713855599, 0.9912866686029626]
Train_Test 40 metrics  [0.03165625709224109, 0.9957082929862011] [0.03477173691954666, 0.9950624455416788]
Train_Test 41 metrics  [0.06017430249376811, 0.9965472733024321] [0.06283856362251566, 0.9950624455416788]
Train_Test 42 metrics  [0.03276390643365424, 0.9976444014198128] [0.03422562626788012, 0.9968051118210862]
Train_Test 43 metrics  [0.02948589481992774, 0.9972087770248467] [0.03312736740993131, 0.9962242230612838]
Train_Test 44 metrics  [0.026397412347241578, 0.9974185221039045] [0.027425789609962586, 0.9973860005808888]
Train_Test 45 metrics  [0.028781777816497343, 0.9971281058290536] [0.028382941635800005, 0.99767644496079]
Train_Test 46 metrics  [0.07900255075498103, 0.9950629235237173] [0.07809423506606154, 0.9959337786813826]
Train_Test 47 metrics  [0.03103350271771669, 0.9953533397870281] [0.030538930174373383, 0.996514667441185]
Train_Test 48 metrics  [0.03176503972940462, 0.9974830590513069] [0.031151502643396195, 0.9973860005808888]
Train_Test 49 metrics  [0.022941421833768048, 0.9971603743142949] [0.02418112648624495, 0.9970955562009876]
Train_Test 50 metrics  [0.024213208890393516, 0.9977412068409164] [0.024829311879265716, 0.99767644496079]
Final_metrics_Test : [0.028382941635800005, 0.99767644496079]
Final_metrics_Train : [0.028781777692801838, 0.9971281058405937]


              precision    recall  f1-score   support

           0   0.997544  1.000000  0.998770      3249
           1   1.000000  0.958763  0.978947       194

   micro avg   0.997676  0.997676  0.997676      3443
   macro avg   0.998772  0.979381  0.988859      3443
weighted avg   0.997682  0.997676  0.997653      3443

AUC
0.999845793689672
