Train_Test 1 metrics  [0.9877477662689954, 0.5011422043865167] [0.9892853290606768, 0.5]
Train_Test 2 metrics  [0.7871430881495887, 0.500856653340948] [0.7882417165316068, 0.5]
Train_Test 3 metrics  [0.9299053080350178, 0.5009994289488332] [0.9311471703724984, 0.5]
Train_Test 4 metrics  [0.7656674123640949, 0.5] [0.7626148911622854, 0.5]
Train_Test 5 metrics  [0.8485018274295268, 0.5001427755227843] [0.8476296128370823, 0.5]
Train_Test 6 metrics  [0.948721343486531, 0.5019988578295858] [0.9584504720492241, 0.5]
Train_Test 7 metrics  [0.5834854395303776, 0.6784694459287185] [0.5829820553461711, 0.6615384615384615]
Train_Test 8 metrics  [0.48255972185521584, 0.8993432324726468] [0.5468919445306827, 0.8807692304635659]
Train_Test 9 metrics  [0.32200737352850506, 0.9391776126905689] [0.36714839751903827, 0.9192307692307692]
Train_Test 10 metrics  [0.5928503933938689, 0.7227298685443667] [0.6010858835318149, 0.7089743592800238]
Train_Test 11 metrics  [0.5410473875697173, 0.8513706454135975] [0.5416908438389118, 0.853846153540489]
Train_Test 12 metrics  [0.43395232936438666, 0.8022558536957087] [0.42859641298269613, 0.8076923073866429]
Train_Test 13 metrics  [1.0988921947917687, 0.5605368360936608] [1.108216467881814, 0.5564102564102564]
Train_Test 14 metrics  [1.053044443434133, 0.5038549400342661] [1.0384794381948619, 0.5051282051282051]
Train_Test 15 metrics  [0.3168676289097368, 0.9715876641918904] [0.3004814137250949, 0.9794871794871794]
Train_Test 16 metrics  [0.29812986621987403, 0.9504568816797179] [0.30184835302524077, 0.9461538461538461]
Train_Test 17 metrics  [0.43052610031609395, 0.8203883494124421] [0.44707033389653916, 0.8115384612327967]
Train_Test 18 metrics  [0.2822371541534677, 0.9507424328954883] [0.3204784245063097, 0.9461538461538461]
Train_Test 19 metrics  [0.5392224453368369, 0.7848372357971392] [0.6061382880577675, 0.7679487176430531]
Train_Test 20 metrics  [0.5313024596443591, 0.7515705312271924] [0.5593277112031594, 0.7294871797928444]
Train_Test 21 metrics  [0.2181953386382877, 0.9681610508280982] [0.2365719172434929, 0.9628205128205128]
Train_Test 22 metrics  [0.5218217203713771, 0.749428897840782] [0.5044547820702577, 0.7269230769230769]
Train_Test 23 metrics  [1.357671470249945, 0.6003712165498651] [1.4311126406376178, 0.5910256413313059]
Train_Test 24 metrics  [0.15959653306831162, 0.9771559108059316] [0.15665639218611596, 0.9705128202071557]
Train_Test 25 metrics  [0.21468857677918307, 0.9752998285672108] [0.20561056152368204, 0.9769230769230769]
Train_Test 26 metrics  [1.099538864100885, 0.50699600238653] [1.0184491603802412, 0.5115384615384615]
Train_Test 27 metrics  [1.0056549140482478, 0.5478298115532851] [0.9430551877388588, 0.5551282051282052]
Train_Test 28 metrics  [1.381655426450214, 0.5124214734437464] [1.2459781732314672, 0.5243589743589744]
Train_Test 29 metrics  [0.6037682212467945, 0.7497144488863506] [0.5819115229142018, 0.7602564102564102]
Train_Test 30 metrics  [0.14547757329956454, 0.9920045688178184] [0.14731685672050868, 0.9923076923076923]
Train_Test 31 metrics  [0.15124616246438585, 0.9700171329646979] [0.13345946906468806, 0.9794871797928444]
Train_Test 32 metrics  [0.18594809176920482, 0.9784408908173535] [0.19895448081004313, 0.9666666666666667]
Train_Test 33 metrics  [0.10553494837030827, 0.9951456310679612] [0.11331001466665512, 0.9923076923076923]
Train_Test 34 metrics  [0.10110095849229839, 0.9888635065676756] [0.09032401469273445, 0.9974358974358974]
Train_Test 35 metrics  [0.06607936386940208, 0.9931467732724157] [0.06815248095454314, 0.9948717948717949]
Train_Test 36 metrics  [0.4484226066408533, 0.8263849228331186] [0.39784871416214185, 0.8435897432840788]
Train_Test 37 metrics  [0.24059430188549918, 0.9260422614967394] [0.22474207389049042, 0.9307692307692308]
Train_Test 38 metrics  [0.1820602058206947, 0.9555968017254061] [0.20135512222082186, 0.9435897435897436]
Train_Test 39 metrics  [0.09783143496118499, 0.9902912621359223] [0.0945649707928682, 0.9923076923076923]
Train_Test 40 metrics  [0.07426843305848654, 0.9934323242839441] [0.0854082023868194, 0.9923076923076923]
Train_Test 41 metrics  [0.11141235036706325, 0.9957167332952599] [0.10910512904326121, 0.9974358974358974]
Train_Test 42 metrics  [0.11524074802920861, 0.9944317532838378] [0.16899098815062108, 0.9833333333333333]
Train_Test 43 metrics  [3.2080423880957794, 0.7254426042942371] [3.5896858667716, 0.7000000003056649]
Train_Test 44 metrics  [0.31770958293171897, 0.9791547686014769] [0.32087653233454777, 0.9846153846153847]
Train_Test 45 metrics  [0.8439520371770396, 0.776413478080645] [0.7235269574018625, 0.79487179456613]
Train_Test 46 metrics  [0.26862850963967244, 0.9680182751691525] [0.26529917747546466, 0.9717948717948718]
Train_Test 47 metrics  [0.6356378411783755, 0.7418617933290744] [0.5737289453164125, 0.7769230772287418]
Train_Test 48 metrics  [0.30136217138618826, 0.9423186750428326] [0.27392088633317213, 0.9487179490236136]
Train_Test 49 metrics  [6.752480333972018, 0.5005711021932583] [6.762986767597687, 0.5]
Train_Test 50 metrics  [0.16271090467935423, 0.9685893774985722] [0.1547469362616539, 0.9615384615384616]
Final_metrics_Test : [0.09032401469273445, 0.9974358974358974]
Final_metrics_Train : [0.10110095879015141, 0.9888635065676756]


              precision    recall  f1-score   support

           0   0.994898  1.000000  0.997442       195
           1   1.000000  0.994872  0.997429       195

   micro avg   0.997436  0.997436  0.997436       390
   macro avg   0.997449  0.997436  0.997436       390
weighted avg   0.997449  0.997436  0.997436       390

AUC
0.9960124917817226
