Train_Test 1 metrics  [0.8536099530437345, 0.5004283267725951] [0.8553941800044134, 0.5012820512820513]
Train_Test 2 metrics  [0.77188606928717, 0.5000000000170202] [0.7693063381390693, 0.5012820512820513]
Train_Test 3 metrics  [0.7522877854731749, 0.5008566533920086] [0.7525011239907681, 0.5038461538461538]
Train_Test 4 metrics  [0.7443528614134056, 0.5007138778862444] [0.7427716353000738, 0.5012820512820513]
Train_Test 5 metrics  [0.8050932654443977, 0.6637635636098177] [0.8184271023823665, 0.6576923076923077]
Train_Test 6 metrics  [1.0119067842384395, 0.5000000000510605] [1.0114673156004685, 0.5]
Train_Test 7 metrics  [1.0087583544321022, 0.49942889777270133] [1.014041775312179, 0.4987179487179487]
Train_Test 8 metrics  [0.8211378661786944, 0.5000000001021211] [0.8205542989266225, 0.5012820512820513]
Train_Test 9 metrics  [0.7290677355058802, 0.5005711021932583] [0.7296154434864338, 0.5012820512820513]
Train_Test 10 metrics  [1.3433039758901197, 0.5005711023294197] [1.352550620910449, 0.5]
Train_Test 11 metrics  [1.1633929470006157, 0.6125071388459219] [1.203737013767927, 0.6038461538461538]
Train_Test 12 metrics  [0.7993922261494626, 0.5810965162423731] [0.8073705055774787, 0.569230769536434]
Train_Test 13 metrics  [0.26506692331086423, 0.9623072528961657] [0.24910658834836422, 0.9666666666666667]
Train_Test 14 metrics  [1.890123117725758, 0.5019988578976664] [1.950434217086205, 0.5051282051282051]
Train_Test 15 metrics  [1.518208542597219, 0.5022844089091948] [1.523573410205352, 0.5051282051282051]
Train_Test 16 metrics  [0.1942197928967849, 0.9750142775556825] [0.14548847690606728, 0.9884615384615385]
Train_Test 17 metrics  [0.1857264878271921, 0.9727298686464877] [0.16193374189046714, 0.982051282051282]
Train_Test 18 metrics  [0.3313461540001995, 0.9397487150199886] [0.2727790690385378, 0.9564102564102565]
Train_Test 19 metrics  [0.3646983365921345, 0.9564534551684751] [0.34011024695176345, 0.9641025641025641]
Train_Test 20 metrics  [1.5061139948091664, 0.4433181039746457] [1.5005934562438574, 0.44871794902361356]
Train_Test 21 metrics  [0.6698220512105831, 0.7508566534090287] [0.6490233335739527, 0.7871794868738223]
Train_Test 22 metrics  [0.1592983741766381, 0.9820102798400914] [0.13526578545570372, 0.9871794871794872]
Train_Test 23 metrics  [0.30649858682513714, 0.92175899486008] [0.28500331884775404, 0.9320512820512821]
Train_Test 24 metrics  [0.7048907447446761, 0.8579383209934921] [0.6612009289937142, 0.8769230769230769]
Train_Test 25 metrics  [0.18570084937942294, 0.981724728726442] [0.19521797864865034, 0.982051282051282]
Train_Test 26 metrics  [0.35071903092734547, 0.9648772130211308] [0.3069010506073634, 0.9743589743589743]
Train_Test 27 metrics  [6.472874917553739, 0.5] [6.502995608403133, 0.5]
Train_Test 28 metrics  [0.19124531947174186, 0.9725870930896631] [0.17656556960099784, 0.9743589743589743]
Train_Test 29 metrics  [0.19915328836488697, 0.9735865219874358] [0.18807948105610334, 0.9782051282051282]
Train_Test 30 metrics  [0.134513124504442, 0.9815819531696174] [0.12632459211043823, 0.982051282051282]
Train_Test 31 metrics  [2.77325680622164, 0.5048543690001195] [2.8135945699153804, 0.5051282051282051]
Train_Test 32 metrics  [1.157472063513363, 0.5338378069674472] [1.1364486300028287, 0.5307692307692308]
Train_Test 33 metrics  [0.1421156006368959, 0.989577384351799] [0.13828965952763192, 0.9897435897435898]
Train_Test 34 metrics  [1.0330690270080218, 0.5048543689660792] [0.9761171536567884, 0.5576923076923077]
Train_Test 35 metrics  [0.3004863283281528, 0.9294688749626525] [0.29108047500634804, 0.9307692307692308]
Train_Test 36 metrics  [0.18213154056424893, 0.9731581952148407] [0.176359273875371, 0.9717948717948718]
Train_Test 37 metrics  [0.6173726799895191, 0.7358652199424383] [0.5880526582400004, 0.764102564408229]
Train_Test 38 metrics  [0.13471132283684595, 0.9897201599086236] [0.12212762442918924, 0.9948717948717949]
Train_Test 39 metrics  [0.2091687187543942, 0.9751570531465474] [0.2012277474770179, 0.9794871794871794]
Train_Test 40 metrics  [3.6189700783762775, 0.5162764134439722] [3.531195986576569, 0.5256410259466905]
Train_Test 41 metrics  [0.5979990942828115, 0.8540833809251857] [0.5903822253911923, 0.8461538461538461]
Train_Test 42 metrics  [0.2326528227615193, 0.9897201599086236] [0.2105983916001442, 0.9974358974358974]
Train_Test 43 metrics  [0.18155157067379496, 0.9611650485436893] [0.1658383186811056, 0.9615384615384616]
Train_Test 44 metrics  [0.13779475931386687, 0.9890062821245003] [0.12698062719442907, 0.9948717948717949]
Train_Test 45 metrics  [0.4230685723059386, 0.9196173614055888] [0.3600529336012327, 0.9333333333333333]
Train_Test 46 metrics  [0.19544341167948848, 0.9771559109080525] [0.19062623328123338, 0.9769230769230769]
Train_Test 47 metrics  [0.20126026199927405, 0.9637350085665334] [0.1909904182721407, 0.9692307692307692]
Train_Test 48 metrics  [0.33114585006393615, 0.9428897772701313] [0.29115281181457714, 0.9576923076923077]
Train_Test 49 metrics  [0.6327047959387064, 0.8836379210857715] [0.5840203691751529, 0.9]
Train_Test 50 metrics  [1.4498811895543682, 0.6110793833117155] [1.4532112201054892, 0.6102564105620751]
Final_metrics_Test : [0.2105983916001442, 0.9974358974358974]
Final_metrics_Train : [0.23265282134884496, 0.9897201599086236]


              precision    recall  f1-score   support

           0   0.994898  1.000000  0.997442       195
           1   1.000000  0.994872  0.997429       195

   micro avg   0.997436  0.997436  0.997436       390
   macro avg   0.997449  0.997436  0.997436       390
weighted avg   0.997449  0.997436  0.997436       390

AUC
0.9999934253780408
