Train_Test 1 metrics  [0.9010707958639179, 0.5005711022272987] [0.9014416560148582, 0.5012820512820513]
Train_Test 2 metrics  [0.9121871851022961, 0.5005711022272987] [0.9122487132365887, 0.4987179487179487]
Train_Test 3 metrics  [0.9344928952232897, 0.49971444888635064] [0.9343103573872493, 0.5]
Train_Test 4 metrics  [0.8175196555394707, 0.5001427755568246] [0.8169255666243724, 0.5]
Train_Test 5 metrics  [0.9322975877691582, 0.5005711022272987] [0.9322275170913109, 0.5]
Train_Test 6 metrics  [0.6264711110541509, 0.5979440320838457] [0.6338982444543105, 0.5858974358974359]
Train_Test 7 metrics  [0.7282364241127829, 0.5005711022272987] [0.7271821376604911, 0.5012820512820513]
Train_Test 8 metrics  [0.7689254139233561, 0.5002855511136494] [0.7686352852063302, 0.5]
Train_Test 9 metrics  [3.6245038183943197, 0.43046830387744545] [3.677843431326059, 0.4064102565630888]
Train_Test 10 metrics  [3.1450350382612613, 0.5097087378640777] [3.1533583017495963, 0.5089743589743589]
Train_Test 11 metrics  [2.340836817574188, 0.5068532267446044] [2.361935516504141, 0.5012820512820513]
Train_Test 12 metrics  [1.715753411443352, 0.6704740148146175] [1.7636906697199894, 0.6794871797928443]
Train_Test 13 metrics  [0.5386478997243601, 0.835237007322208] [0.5456341761809129, 0.8346153846153846]
Train_Test 14 metrics  [0.6103477652994719, 0.8962021700863427] [0.6402163555988899, 0.8820512817456172]
Train_Test 15 metrics  [0.905009634422616, 0.7054540262026218] [0.893266678467775, 0.7076923076923077]
Train_Test 16 metrics  [0.3336921841638011, 0.9647344374643061] [0.3623527800425505, 0.9564102564102565]
Train_Test 17 metrics  [0.2630850678764024, 0.9567390062821245] [0.31507396484032657, 0.9358974355917711]
Train_Test 18 metrics  [1.201324878999807, 0.6523415192000053] [1.2202398544702775, 0.6653846153846154]
Train_Test 19 metrics  [0.4749995878871545, 0.9293260993037069] [0.48727469566540843, 0.9205128202071556]
Train_Test 20 metrics  [0.22577590654912097, 0.9637350085665334] [0.24403132353073512, 0.9615384618441264]
Train_Test 21 metrics  [0.46752902097800064, 0.7551399199435671] [0.4660322467486064, 0.7602564102564102]
Train_Test 22 metrics  [1.8703372350493408, 0.5034266133637921] [1.8706093470255534, 0.5025641025641026]
Train_Test 23 metrics  [0.5221770852038277, 0.8827812677788639] [0.5123222858477862, 0.8628205128205129]
Train_Test 24 metrics  [1.287584390114676, 0.6729011993487177] [1.4630270823454246, 0.6461538461538462]
Train_Test 25 metrics  [0.25880882482675743, 0.9380354083721328] [0.2854796201754839, 0.9333333333333333]
Train_Test 26 metrics  [0.22627181997645043, 0.9585950885208452] [0.2420511896793659, 0.9435897432840787]
Train_Test 27 metrics  [0.3909857730263645, 0.9683038262828019] [0.334370910968536, 0.982051282051282]
Train_Test 28 metrics  [2.227470474744238, 0.6020845230615595] [2.3907625149457883, 0.5948717948717949]
Train_Test 29 metrics  [0.2840996992666336, 0.9697315819531697] [0.3195716142654419, 0.9525641022584377]
Train_Test 30 metrics  [0.27756179614723375, 0.9794403198172473] [0.2867853066860101, 0.9653846150789506]
Train_Test 31 metrics  [0.22304988320999863, 0.9807252998286693] [0.23092024555573096, 0.9769230769230769]
Train_Test 32 metrics  [0.21909768517734934, 0.981724728726442] [0.24726722362713935, 0.9717948721005366]
Train_Test 33 metrics  [0.31563901379576825, 0.9515990862364363] [0.3153936240917597, 0.9576923076923077]
Train_Test 34 metrics  [2.0285925478475018, 0.5515419760137065] [1.9816811463771722, 0.5679487179487179]
Train_Test 35 metrics  [0.14363987145595453, 0.9768703596922822] [0.16460549525725535, 0.9743589743589743]
Train_Test 36 metrics  [0.24564050905606463, 0.9778697885900549] [0.29450627076320157, 0.9743589740533095]
Train_Test 37 metrics  [0.1468146111984242, 0.9802969731581953] [0.17674968701142532, 0.9615384612327967]
Train_Test 38 metrics  [0.7759661446258996, 0.8048258137185529] [0.6996369043986003, 0.8346153843097198]
Train_Test 39 metrics  [0.21727550587165295, 0.9488863506567675] [0.23563718856909335, 0.9538461541518187]
Train_Test 40 metrics  [0.21557071713091372, 0.9614505996573387] [0.2773887359178983, 0.9487179487179487]
Train_Test 41 metrics  [0.5077811582370324, 0.7452884067269069] [0.514836153617272, 0.7256410256410256]
Train_Test 42 metrics  [0.4602802760222515, 0.8161050827077019] [0.4866287613526369, 0.7897435900492545]
Train_Test 43 metrics  [0.14919579982212922, 0.9737292975442604] [0.17430621179250572, 0.9846153846153847]
Train_Test 44 metrics  [0.13959099171094932, 0.971730439748715] [0.14341259782130902, 0.9692307692307692]
Train_Test 45 metrics  [2.757240236179955, 0.5316961737171981] [2.832864694106273, 0.5282051282051282]
Train_Test 46 metrics  [0.2490065261032294, 0.9266133637921188] [0.2944992991594168, 0.9051282051282051]
Train_Test 47 metrics  [0.06455333649618566, 0.991719017704169] [0.11076353723422075, 0.9769230769230769]
Train_Test 48 metrics  [3.1803581442307363, 0.5002855511136494] [3.193465526287372, 0.5]
Train_Test 49 metrics  [0.3733310033293331, 0.943032552826956] [0.41189576051174065, 0.930769230463566]
Train_Test 50 metrics  [0.7056695372972538, 0.7382924043744172] [0.7958326712632791, 0.7192307692307692]
Final_metrics_Test : [0.17430621179250572, 0.9846153846153847]
Final_metrics_Train : [0.14919580150712633, 0.9737292975783007]


              precision    recall  f1-score   support

           0   0.970149  1.000000  0.984848       195
           1   1.000000  0.969231  0.984375       195

   micro avg   0.984615  0.984615  0.984615       390
   macro avg   0.985075  0.984615  0.984612       390
weighted avg   0.985075  0.984615  0.984612       390

AUC
0.9881755424063117
