Train_Test 1 metrics  [0.9243890768388283, 0.5009994289147929] [0.9288228536263491, 0.5]
Train_Test 2 metrics  [0.7637382310026377, 0.5015705312271924] [0.7635119144733136, 0.5012820512820513]
Train_Test 3 metrics  [0.8402969534910454, 0.5005711022272987] [0.8399246185253828, 0.5012820512820513]
Train_Test 4 metrics  [0.7498606458042499, 0.500428326670474] [0.7498844883380792, 0.5012820512820513]
Train_Test 5 metrics  [0.7539478711303066, 0.7358652198403172] [0.7248345943597647, 0.7435897438954084]
Train_Test 6 metrics  [0.8357879894927595, 0.520416904625928] [0.8199555274767754, 0.5307692304635659]
Train_Test 7 metrics  [0.43405474268797806, 0.864363220914441] [0.4573094487190247, 0.8653846156902802]
Train_Test 8 metrics  [0.1787273294155697, 0.9801541976013707] [0.1769706389842889, 0.982051282051282]
Train_Test 9 metrics  [0.4376392221872906, 0.8963449457452884] [0.40542480433598543, 0.9076923076923077]
Train_Test 10 metrics  [0.31713888462715867, 0.9711593375214164] [0.3021394622631562, 0.9846153846153847]
Train_Test 11 metrics  [1.7963057562393983, 0.578383780628664] [1.7523751344436254, 0.5987179487179487]
Train_Test 12 metrics  [0.6765270888430945, 0.7385779554199859] [0.5632781858627612, 0.7871794868738223]
Train_Test 13 metrics  [1.0768302011190314, 0.577384351901093] [0.9633057936643943, 0.6166666669723315]
Train_Test 14 metrics  [0.8897488176107815, 0.6670474015529465] [0.7738055461492294, 0.6807692310748956]
Train_Test 15 metrics  [0.1345437325064895, 0.9892918332381496] [0.15034146014696512, 0.9846153846153847]
Train_Test 16 metrics  [0.33629550212522974, 0.9294688748264912] [0.34534822412026234, 0.9333333333333333]
Train_Test 17 metrics  [1.303939183700568, 0.5883780696404314] [1.185485031360235, 0.6115384615384616]
Train_Test 18 metrics  [2.8639241690502244, 0.4999999999319193] [2.8717184335757526, 0.5]
Train_Test 19 metrics  [0.14671455710905065, 0.9798686464877213] [0.14076537906359404, 0.9769230769230769]
Train_Test 20 metrics  [0.1282053340177479, 0.9857224443175329] [0.15012094600078388, 0.9846153846153847]
Train_Test 21 metrics  [1.0641375913543745, 0.6761850370876045] [1.076499679761055, 0.6564102567159212]
Train_Test 22 metrics  [0.6495199424753456, 0.501427755500166] [0.6542634554398365, 0.5]
Train_Test 23 metrics  [0.7711268486056173, 0.6606225015298766] [0.7604598681131999, 0.6538461541518187]
Train_Test 24 metrics  [2.2297338132242825, 0.5005711023294197] [2.2239170759152143, 0.5]
Train_Test 25 metrics  [0.18975099415727373, 0.9870074242268339] [0.2065720686545739, 0.9794871794871794]
Train_Test 26 metrics  [0.13650834295305098, 0.9857224443175329] [0.14250341248817933, 0.9794871794871794]
Train_Test 27 metrics  [0.26088093052687883, 0.9762992575671046] [0.30411913937483076, 0.9564102564102565]
Train_Test 28 metrics  [0.13129081376650073, 0.9902912621359223] [0.13956369016415032, 0.9846153846153847]
Train_Test 29 metrics  [0.9714088353478929, 0.6674757281553398] [0.8563668156281495, 0.7166666663610018]
Train_Test 30 metrics  [0.7228399496429787, 0.5886636207540807] [0.7631943641564785, 0.5653846150789505]
Train_Test 31 metrics  [0.6281211209137191, 0.9250428326670475] [0.681777205146276, 0.9076923076923077]
Train_Test 32 metrics  [0.16780830076393027, 0.9861507708858858] [0.17712678955151484, 0.9769230769230769]
Train_Test 33 metrics  [1.4853894746623537, 0.509565962307253] [1.611280014576056, 0.5102564102564102]
Train_Test 34 metrics  [0.8086182749114807, 0.6065105654082252] [0.7963261873294145, 0.6102564099507454]
Train_Test 35 metrics  [0.18593132160582726, 0.9827241576242147] [0.19578680785802693, 0.9794871794871794]
Train_Test 36 metrics  [0.13508509478182332, 0.9825813820673901] [0.16598261717038276, 0.9641025637968993]
Train_Test 37 metrics  [0.4958004773105641, 0.876356367857915] [0.38829150325976886, 0.9076923076923077]
Train_Test 38 metrics  [0.1361705335947461, 0.9818675042832667] [0.12620239276916553, 0.9794871794871794]
Train_Test 39 metrics  [1.0585267402184888, 0.5899486007995431] [1.0759359922164526, 0.6]
Train_Test 40 metrics  [0.22776487733485834, 0.9700171330668189] [0.28194270516053227, 0.9487179487179487]
Train_Test 41 metrics  [0.6461747440864263, 0.8692175899826411] [0.6278884114363255, 0.871794871489207]
Train_Test 42 metrics  [0.12889499998923235, 0.9871501998857796] [0.14177623521058988, 0.9846153846153847]
Train_Test 43 metrics  [2.092402253608442, 0.5631067961165048] [1.8806809565959832, 0.5589743592800238]
Train_Test 44 metrics  [0.15239317264133423, 0.9715876641918904] [0.16312967737515768, 0.9666666663610018]
Train_Test 45 metrics  [0.19246247775005926, 0.9691604796237498] [0.2076301090228252, 0.9666666663610018]
Train_Test 46 metrics  [0.11391130023381153, 0.9877213021130783] [0.12353895703951517, 0.982051282051282]
Train_Test 47 metrics  [0.5174907371018833, 0.9101941746551605] [0.504696624706953, 0.9051282051282051]
Train_Test 48 metrics  [0.1168778953187674, 0.9857224443175329] [0.133741241082167, 0.9743589743589743]
Train_Test 49 metrics  [0.08657502637019776, 0.9908623643632211] [0.09444539439983857, 0.9897435897435898]
Train_Test 50 metrics  [0.14856891755306129, 0.9701599086236437] [0.12788240833160205, 0.9692307692307692]
Final_metrics_Test : [0.09444539439983857, 0.9897435897435898]
Final_metrics_Train : [0.08657502686803781, 0.9908623643632211]


              precision    recall  f1-score   support

           0   0.984772  0.994872  0.989796       195
           1   0.994819  0.984615  0.989691       195

   micro avg   0.989744  0.989744  0.989744       390
   macro avg   0.989795  0.989744  0.989743       390
weighted avg   0.989795  0.989744  0.989743       390

AUC
0.9994740302432611
