Train_Test 1 metrics  [0.7441310262026852, 0.6529680365296804] [0.7313030061033583, 0.6559278350515464]
Train_Test 2 metrics  [0.26462043325106305, 0.9647545662100456] [0.27534262544101046, 0.9587628865979382]
Train_Test 3 metrics  [0.24351300687006075, 0.9658961187214612] [0.274605737211778, 0.9510309278350515]
Train_Test 4 metrics  [0.3268523112823974, 0.9359303652968036] [0.36110866930066926, 0.9072164948453608]
Train_Test 5 metrics  [0.21905704597904258, 0.978310502283105] [0.26051829509513896, 0.9690721649484536]
Train_Test 6 metrics  [1.0166652180832816, 0.5018550228310502] [1.0588607357949327, 0.5]
Train_Test 7 metrics  [0.47124712135149466, 0.8714326484018264] [0.45033010625347647, 0.8865979381443299]
Train_Test 8 metrics  [0.5248872029454741, 0.8571632420091324] [0.48297532809149357, 0.8672680412371134]
Train_Test 9 metrics  [0.1664166794792158, 0.9900114155251142] [0.20593489368551784, 0.9742268041237113]
Train_Test 10 metrics  [0.36147380256217365, 0.9499143835616438] [0.3892864578777982, 0.9484536082474226]
Train_Test 11 metrics  [0.336515971242565, 0.9076769406392694] [0.3709827047033408, 0.8943298969072165]
Train_Test 12 metrics  [0.4648817275484947, 0.9492009132420092] [0.5670837538758504, 0.9317010309278351]
Train_Test 13 metrics  [0.17855015410680206, 0.9894406392694064] [0.20036477710782868, 0.9871134020618557]
Train_Test 14 metrics  [0.31090317823026825, 0.9480593607305936] [0.3299878589885751, 0.9407216494845361]
Train_Test 15 metrics  [0.4729920040526891, 0.8752853881278538] [0.49649037989144473, 0.875]
Train_Test 16 metrics  [0.15121652811901753, 0.990154109589041] [0.1822782420774096, 0.9858247422680413]
Train_Test 17 metrics  [0.7269138821728154, 0.788670091324201] [0.7717317308961731, 0.7783505154639175]
Train_Test 18 metrics  [0.2293646311106747, 0.9780251141552512] [0.2516886684083447, 0.9716494845360825]
Train_Test 19 metrics  [0.6875354405407492, 0.8695776255707762] [0.780172908429018, 0.8479381443298969]
Train_Test 20 metrics  [0.2008022007332545, 0.9800228310502284] [0.28036007961047066, 0.9536082474226805]
Train_Test 21 metrics  [0.2940670362074081, 0.9750285388127854] [0.30113718927521066, 0.9716494845360825]
Train_Test 22 metrics  [0.16294639710694142, 0.9931506849315068] [0.1932957498068662, 0.9896907216494846]
Train_Test 23 metrics  [0.5290786324570712, 0.8711472602739726] [0.5410574093921897, 0.8634020618556701]
Train_Test 24 metrics  [0.3223323036818744, 0.9377853881278538] [0.3199200719287715, 0.9432989690721649]
Train_Test 25 metrics  [0.17204164961973825, 0.9823059360730594] [0.19947956179835133, 0.9690721649484536]
Train_Test 26 metrics  [1.2434015320316296, 0.7965182648401826] [1.2496400567674146, 0.7835051546391752]
Train_Test 27 metrics  [0.18392117586854387, 0.9790239726027398] [0.20488218333303315, 0.9716494845360825]
Train_Test 28 metrics  [0.3827259178575315, 0.9367865296803652] [0.4165452239439659, 0.9304123711340206]
Train_Test 29 metrics  [0.17331694175391438, 0.9948630136986302] [0.21258746287257402, 0.9845360824742269]
Train_Test 30 metrics  [0.42500838691785453, 0.906107305936073] [0.44140892760040834, 0.9188144329896907]
Train_Test 31 metrics  [1.9685229166457643, 0.5562214611872146] [1.9601681478244741, 0.5682989690721649]
Train_Test 32 metrics  [0.30871570260013076, 0.9564783105022832] [0.34357936849299164, 0.9355670103092784]
Train_Test 33 metrics  [0.18336710469907821, 0.9871575342465754] [0.20976508401103855, 0.979381443298969]
Train_Test 34 metrics  [0.46896444050144387, 0.8801369863013698] [0.46506455509933, 0.8930412371134021]
Train_Test 35 metrics  [0.9693972250642298, 0.699343607305936] [0.8879341685894838, 0.6829896907216495]
Train_Test 36 metrics  [0.381231605326204, 0.9052511415525114] [0.4712398076794811, 0.8814432989690721]
Train_Test 37 metrics  [0.5825253867939727, 0.8789954337899544] [0.6109551513932415, 0.8711340206185567]
Train_Test 38 metrics  [0.476147274040196, 0.8875570776255708] [0.5076734368334112, 0.8621134020618557]
Train_Test 39 metrics  [0.25318442972283384, 0.9800228310502284] [0.29246041916080356, 0.961340206185567]
Train_Test 40 metrics  [0.2978418278911887, 0.9583333333333334] [0.3230293485307202, 0.9536082474226805]
Train_Test 41 metrics  [0.8227526284243962, 0.7077625570776256] [0.8338073363009187, 0.729381443298969]
Train_Test 42 metrics  [1.3986904991271834, 0.68050799086758] [1.4807321902402897, 0.654639175257732]
Train_Test 43 metrics  [0.9202297007384366, 0.7157534246575342] [0.9624844196530962, 0.720360824742268]
Train_Test 44 metrics  [0.24811945631079477, 0.9694634703196348] [0.25743698244242325, 0.970360824742268]
Train_Test 45 metrics  [0.1995235712833056, 0.9931506849315068] [0.22718743365450003, 0.9845360824742269]
Train_Test 46 metrics  [0.17193631630509956, 0.9964326484018264] [0.19493099340458506, 0.9948453608247423]
Train_Test 47 metrics  [2.3330955723104956, 0.5509417808219178] [2.3633853700972094, 0.5541237113402062]
Train_Test 48 metrics  [0.15965489349136613, 0.9921518264840182] [0.1690491201336851, 0.9845360824742269]
Train_Test 49 metrics  [0.4446239538116542, 0.901541095890411] [0.5182249423154851, 0.8724226804123711]
Train_Test 50 metrics  [0.18090598972420716, 0.9885844748858448] [0.22400751018647067, 0.979381443298969]
Final_metrics_Test : [0.19493099340458506, 0.9948453608247423]
Final_metrics_Train : [0.17193631589684857, 0.9964326484018264]


              precision    recall  f1-score   support

           0   0.989796  1.000000  0.994872       194
           1   1.000000  0.989691  0.994819       194

   micro avg   0.994845  0.994845  0.994845       388
   macro avg   0.994898  0.994845  0.994845       388
weighted avg   0.994898  0.994845  0.994845       388

AUC
0.9978013072590073
