Train_Test 1 metrics  [1.1018008222318676, 0.5] [1.100654144877011, 0.5012886597938144]
Train_Test 2 metrics  [0.8213841123123692, 0.5009988584474886] [0.8200904112501243, 0.5012886597938144]
Train_Test 3 metrics  [0.9413690629615087, 0.502425799086758] [0.9635916204796624, 0.5038659793814433]
Train_Test 4 metrics  [0.7354722643551761, 0.7482876712328768] [0.6255205967991623, 0.8144329896907216]
Train_Test 5 metrics  [0.1887419206094524, 0.9626141552511416] [0.14258048399207518, 0.9819587628865979]
Train_Test 6 metrics  [0.5858215428378484, 0.7029109589041096] [0.5307455843256921, 0.7306701030927835]
Train_Test 7 metrics  [1.667801062266032, 0.538527397260274] [1.5867522266722216, 0.5528350515463918]
Train_Test 8 metrics  [0.5650843158704505, 0.600884703196347] [0.5110367260028407, 0.6353092783505154]
Train_Test 9 metrics  [0.21126306499248226, 0.9571917808219178] [0.1564410843492783, 0.979381443298969]
Train_Test 10 metrics  [1.4864615942245205, 0.5136986301369864] [1.5099378922550948, 0.5167525773195877]
Train_Test 11 metrics  [0.3363982123327037, 0.911101598173516] [0.25936736611975836, 0.9420103092783505]
Train_Test 12 metrics  [1.2023359357494197, 0.6315639269406392] [1.1375606490164687, 0.6520618556701031]
Train_Test 13 metrics  [0.3929347725219378, 0.8632990867579908] [0.3648432785088254, 0.8878865979381443]
Train_Test 14 metrics  [0.6962991430334848, 0.507134703196347] [0.6874183533117944, 0.5077319587628866]
Train_Test 15 metrics  [0.9593843335974707, 0.6247146118721462] [0.9093311668671283, 0.6391752577319587]
Train_Test 16 metrics  [1.631957556014736, 0.576912100456621] [1.6033115313225186, 0.5773195876288659]
Train_Test 17 metrics  [1.7504598963750553, 0.4998573059360731] [1.7483429392588508, 0.5]
Train_Test 18 metrics  [1.0575904040576116, 0.5627853881278538] [1.044808020296785, 0.5850515463917526]
Train_Test 19 metrics  [0.18076378515321914, 0.9721746575342466] [0.16904470232344165, 0.9832474226804123]
Train_Test 20 metrics  [0.23382483715336072, 0.9587614155251142] [0.2098893443333734, 0.970360824742268]
Train_Test 21 metrics  [1.095087228980783, 0.7701198630136986] [0.878866578193055, 0.8002577319587629]
Train_Test 22 metrics  [1.4324031197317115, 0.5610730593607306] [1.3921352121018873, 0.5747422680412371]
Train_Test 23 metrics  [0.1443868293745877, 0.9804509132420092] [0.12186532375431552, 0.9871134020618557]
Train_Test 24 metrics  [0.5094852433901399, 0.8517408675799086] [0.5194583037464889, 0.8685567010309279]
Train_Test 25 metrics  [0.7422406956485418, 0.7071917808219178] [0.7541911442255237, 0.7010309278350515]
Train_Test 26 metrics  [0.30419359958335146, 0.9604737442922374] [0.33011295746282204, 0.9484536082474226]
Train_Test 27 metrics  [0.25556470133942555, 0.9680365296803652] [0.24154343801675385, 0.970360824742268]
Train_Test 28 metrics  [0.27169060992867977, 0.9620433789954338] [0.22649503061451862, 0.9768041237113402]
Train_Test 29 metrics  [0.6805652984201092, 0.6188641552511416] [0.6927506100271166, 0.6198453608247423]
Train_Test 30 metrics  [0.31920623928988906, 0.9426369863013698] [0.30016723643873156, 0.9458762886597938]
Train_Test 31 metrics  [0.24121924663243227, 0.980593607305936] [0.2225795540305757, 0.9896907216494846]
Train_Test 32 metrics  [0.3567124700437398, 0.9788812785388128] [0.33991181973329526, 0.9845360824742269]
Train_Test 33 metrics  [0.2674774601034922, 0.9487728310502284] [0.26305603965656044, 0.9432989690721649]
Train_Test 34 metrics  [0.4573254861515951, 0.8976883561643836] [0.3936505108764491, 0.9278350515463918]
Train_Test 35 metrics  [0.5374443797760358, 0.7438641552511416] [0.5230396838532281, 0.7384020618556701]
Train_Test 36 metrics  [0.26131282712770926, 0.9666095890410958] [0.2568214928980955, 0.961340206185567]
Train_Test 37 metrics  [0.5207546726209388, 0.9323630136986302] [0.485895744918548, 0.9510309278350515]
Train_Test 38 metrics  [0.36677985587348677, 0.9489155251141552] [0.32174583808662965, 0.9742268041237113]
Train_Test 39 metrics  [0.36321904588507736, 0.891837899543379] [0.32974141528925943, 0.9072164948453608]
Train_Test 40 metrics  [0.24934196213609008, 0.9549086757990868] [0.22528905751778908, 0.9561855670103093]
Train_Test 41 metrics  [0.25190936879480263, 0.9643264840182648] [0.2553817058346935, 0.9639175257731959]
Train_Test 42 metrics  [0.57145568469888, 0.884703196347032] [0.6284228231489044, 0.8685567010309279]
Train_Test 43 metrics  [0.5239164450941565, 0.8530251141552512] [0.5241037472007201, 0.8298969072164949]
Train_Test 44 metrics  [0.24808407414993738, 0.9775970319634704] [0.24363065103894657, 0.9819587628865979]
Train_Test 45 metrics  [0.365811630062861, 0.932648401826484] [0.3959271339411588, 0.9252577319587629]
Train_Test 46 metrics  [0.7941172324359145, 0.5273972602739726] [0.8111009241379413, 0.5128865979381443]
Train_Test 47 metrics  [0.2810607270835197, 0.9720319634703196] [0.274742593470308, 0.9768041237113402]
Train_Test 48 metrics  [0.5970655271451767, 0.8998287671232876] [0.5943996181193086, 0.9097938144329897]
Train_Test 49 metrics  [0.3297059144059273, 0.9226598173515982] [0.3158898195347835, 0.9239690721649485]
Train_Test 50 metrics  [0.4098926506358195, 0.8496004566210046] [0.41001045427371546, 0.8427835051546392]
Final_metrics_Test : [0.2225795540305757, 0.9896907216494846]
Final_metrics_Train : [0.2412192490138964, 0.980593607305936]


              precision    recall  f1-score   support

           0   1.000000  0.979381  0.989583       194
           1   0.979798  1.000000  0.989796       194

   micro avg   0.989691  0.989691  0.989691       388
   macro avg   0.989899  0.989691  0.989690       388
weighted avg   0.989899  0.989691  0.989690       388

AUC
0.9985851312573067
