Train_Test 1 metrics  [1.056670241189779, 0.500856653340948] [1.0563295156527788, 0.5]
Train_Test 2 metrics  [0.7909599683204425, 0.5015705311591118] [0.790779932645651, 0.5012820512820513]
Train_Test 3 metrics  [1.6952066393595706, 0.5007138777841234] [1.696601241062849, 0.5]
Train_Test 4 metrics  [0.8585360594166135, 0.5002855511136494] [0.8581346175609491, 0.5]
Train_Test 5 metrics  [1.208182351613712, 0.5067104511367192] [1.2541423119031465, 0.5076923076923077]
Train_Test 6 metrics  [0.738068482625287, 0.654483152518335] [0.7391954528979766, 0.6782051282051282]
Train_Test 7 metrics  [1.1429994454865862, 0.5000000001021211] [1.1376579975470518, 0.5]
Train_Test 8 metrics  [0.7169091325361752, 0.6310679611820688] [0.6978191409355555, 0.65]
Train_Test 9 metrics  [1.07190973196351, 0.5288406624615635] [1.042880297318483, 0.5307692307692308]
Train_Test 10 metrics  [0.7526648659525021, 0.7155910907371734] [0.7612956395516028, 0.7333333333333333]
Train_Test 11 metrics  [1.5118192442480596, 0.5542547115933752] [1.5221712644283587, 0.5538461538461539]
Train_Test 12 metrics  [0.7186354656072428, 0.7692747001032499] [0.7901136324955866, 0.7743589746646392]
Train_Test 13 metrics  [0.32572827527755877, 0.9287549970423679] [0.3701496280156649, 0.90512820543387]
Train_Test 14 metrics  [1.8385298133645311, 0.5] [1.8567218529872405, 0.5]
Train_Test 15 metrics  [0.8323088545311798, 0.6212164478462673] [0.8219559324093354, 0.632051282051282]
Train_Test 16 metrics  [0.3926589729648396, 0.9423186749407116] [0.3957122166951497, 0.9384615387672033]
Train_Test 17 metrics  [0.34562174158052744, 0.961878926361853] [0.340838199089735, 0.9576923073866428]
Train_Test 18 metrics  [0.7697696201396901, 0.5212735579328357] [0.7872296293576558, 0.5230769230769231]
Train_Test 19 metrics  [0.311032294954728, 0.9443175328043377] [0.3192121686079563, 0.9410256407199762]
Train_Test 20 metrics  [0.3818958543287829, 0.9260422615988605] [0.4174102725126804, 0.912820512514848]
Train_Test 21 metrics  [0.44195967504189804, 0.9284694459287185] [0.5137957915281638, 0.9051282048225403]
Train_Test 22 metrics  [0.37633315339761075, 0.7699885778873733] [0.3686915559646411, 0.7730769233825879]
Train_Test 23 metrics  [0.16618831956100627, 0.9792975442604226] [0.17174657460970758, 0.9743589740533095]
Train_Test 24 metrics  [0.12431762336425138, 0.9860079954311822] [0.1283169083106212, 0.9820512817456172]
Train_Test 25 metrics  [1.123108005060733, 0.5075671046138286] [1.1174422007340652, 0.5128205128205128]
Train_Test 26 metrics  [0.22753354627904995, 0.9581667617482502] [0.24332596919475458, 0.9358974355917711]
Train_Test 27 metrics  [0.3665683185591281, 0.904768703495823] [0.4150158723195394, 0.8923076923076924]
Train_Test 28 metrics  [0.987791806476447, 0.8365219873676704] [0.9520432068751409, 0.841025641025641]
Train_Test 29 metrics  [0.2142188986630388, 0.9725870930896631] [0.21740867747710302, 0.9666666666666667]
Train_Test 30 metrics  [0.14788077673372169, 0.9868646487721302] [0.13257943361233443, 0.9871794868738223]
Train_Test 31 metrics  [0.26596684250948704, 0.9587378641117102] [0.2972480034216856, 0.9461538458481813]
Train_Test 32 metrics  [0.3443034668094018, 0.9400342661676783] [0.4084120832956754, 0.9205128202071556]
Train_Test 33 metrics  [0.24836289850321583, 0.9690177041690463] [0.2668223943465795, 0.9564102567159213]
Train_Test 34 metrics  [1.286313930387023, 0.7093089662368879] [1.2857854904272616, 0.7]
Train_Test 35 metrics  [0.21522669052478588, 0.9680182751691525] [0.19644852784963754, 0.9615384618441264]
Train_Test 36 metrics  [3.3891745749233384, 0.5028555112386145] [3.3095950395633014, 0.5051282051282051]
Train_Test 37 metrics  [0.5436262776006092, 0.7861222159447226] [0.5110459132072253, 0.7717948717948718]
Train_Test 38 metrics  [1.9391700648907455, 0.4999999999659597] [1.9339154188449565, 0.5]
Train_Test 39 metrics  [0.5884519076769451, 0.8617932608915968] [0.6221261201760708, 0.853846153540489]
Train_Test 40 metrics  [0.7460611863928751, 0.7879782982174837] [0.7517182337932098, 0.7974358977415623]
Train_Test 41 metrics  [0.5982791381111014, 0.8512278698567729] [0.5921577710371752, 0.8205128205128205]
Train_Test 42 metrics  [0.2990602331458331, 0.9785836663741783] [0.29969411752162833, 0.9846153849210495]
Train_Test 43 metrics  [0.22583966691585217, 0.9777270131693916] [0.22260593871275583, 0.982051282051282]
Train_Test 44 metrics  [0.7384060707724074, 0.699600228543012] [0.7101114896627573, 0.7243589746646392]
Train_Test 45 metrics  [2.4999992346368742, 0.501713306784017] [2.5130646840119972, 0.5051282051282051]
Train_Test 46 metrics  [0.1949752947727249, 0.9751570530103861] [0.18627075996154394, 0.9666666663610018]
Train_Test 47 metrics  [0.478411311935793, 0.8780696743696094] [0.5844267765680949, 0.8615384618441264]
Train_Test 48 metrics  [0.20246201023450924, 0.9757281552376847] [0.23486788547956028, 0.9641025641025641]
Train_Test 49 metrics  [0.26581789286799734, 0.971730439646594] [0.29646446643731533, 0.9692307689251044]
Train_Test 50 metrics  [0.1426196810621864, 0.9785836663741783] [0.13838020119911584, 0.9769230766174121]
Final_metrics_Test : [0.13257943361233443, 0.9871794868738223]
Final_metrics_Train : [0.14788077800172456, 0.9868646487721302]


              precision    recall  f1-score   support

           0   0.994792  0.979487  0.987080       195
           1   0.979798  0.994872  0.987277       195

   micro avg   0.987179  0.987179  0.987179       390
   macro avg   0.987295  0.987179  0.987179       390
weighted avg   0.987295  0.987179  0.987179       390

AUC
0.9993556870479946
