Train_Test 1 metrics  [0.8777872070874253, 0.4997146118721461] [0.8777253885859067, 0.5025773195876289]
Train_Test 2 metrics  [1.3122163069302633, 0.5901826484018264] [1.2601375297172783, 0.5966494845360825]
Train_Test 3 metrics  [0.2527606805709943, 0.9599029680365296] [0.2221391283974205, 0.9677835051546392]
Train_Test 4 metrics  [0.23482033229309673, 0.9492009132420092] [0.22552533401656397, 0.9561855670103093]
Train_Test 5 metrics  [0.6436430350558399, 0.7988013698630136] [0.6622123644524014, 0.8002577319587629]
Train_Test 6 metrics  [0.22461574609693327, 0.9720319634703196] [0.22817590402573654, 0.970360824742268]
Train_Test 7 metrics  [0.6934672066065819, 0.8256278538812786] [0.6998200342827237, 0.8195876288659794]
Train_Test 8 metrics  [0.28374068554677917, 0.9581906392694064] [0.2828713308290108, 0.9639175257731959]
Train_Test 9 metrics  [0.17462260660515527, 0.9768835616438356] [0.1661924779722371, 0.9832474226804123]
Train_Test 10 metrics  [0.252575336798141, 0.9611872146118722] [0.24884784436717475, 0.9652061855670103]
Train_Test 11 metrics  [0.41885492314486744, 0.896832191780822] [0.449440135169275, 0.8904639175257731]
Train_Test 12 metrics  [0.1594711873493238, 0.9895833333333334] [0.1627745523895185, 0.9922680412371134]
Train_Test 13 metrics  [0.2691812884045518, 0.971033105022831] [0.24595849446414672, 0.9755154639175257]
Train_Test 14 metrics  [0.3124865694949616, 0.8714326484018264] [0.32737591156025525, 0.865979381443299]
Train_Test 15 metrics  [0.33273761756888265, 0.9539098173515982] [0.35835667184947695, 0.9368556701030928]
Train_Test 16 metrics  [0.18953184851500543, 0.9895833333333334] [0.19589124266634284, 0.9935567010309279]
Train_Test 17 metrics  [0.4068502557876448, 0.8901255707762558] [0.4052182098024899, 0.9020618556701031]
Train_Test 18 metrics  [0.20704232163080885, 0.9723173515981736] [0.22463280792088852, 0.9716494845360825]
Train_Test 19 metrics  [0.2448345064844715, 0.9604737442922374] [0.28250688744574476, 0.9381443298969072]
Train_Test 20 metrics  [0.3722061425039213, 0.8879851598173516] [0.3591590360882356, 0.8917525773195877]
Train_Test 21 metrics  [0.19895274664985535, 0.9817351598173516] [0.21376341612068647, 0.9677835051546392]
Train_Test 22 metrics  [0.3946129170726968, 0.903824200913242] [0.4180437802653952, 0.8853092783505154]
Train_Test 23 metrics  [0.2379383246784341, 0.964041095890411] [0.24434547249189356, 0.9716494845360825]
Train_Test 24 metrics  [1.111648396269916, 0.7073344748858448] [1.2236412745161154, 0.6817010309278351]
Train_Test 25 metrics  [0.236593260204411, 0.9828767123287672] [0.22437025237943709, 0.9896907216494846]
Train_Test 26 metrics  [0.2719786572674094, 0.9708904109589042] [0.26456333558583994, 0.9690721649484536]
Train_Test 27 metrics  [1.241377699320719, 0.6279965753424658] [1.2176143557754988, 0.6262886597938144]
Train_Test 28 metrics  [4.331250203798895, 0.4997146118721461] [4.333826261697356, 0.49742268041237114]
Train_Test 29 metrics  [0.5710426138960607, 0.8717180365296804] [0.5704071577062312, 0.8814432989690721]
Train_Test 30 metrics  [1.2405434999291756, 0.7011986301369864] [1.1878174961227732, 0.711340206185567]
Train_Test 31 metrics  [0.3174305697009988, 0.9731735159817352] [0.3676331590131386, 0.9677835051546392]
Train_Test 32 metrics  [0.18288763126009674, 0.9800228310502284] [0.18116338873646923, 0.9768041237113402]
Train_Test 33 metrics  [0.42742091015865813, 0.9105308219178082] [0.3847719702831249, 0.9123711340206185]
Train_Test 34 metrics  [0.21077434956755267, 0.9681792237442922] [0.2093222032195514, 0.9742268041237113]
Train_Test 35 metrics  [0.48152675136039247, 0.9002568493150684] [0.39512694373573226, 0.9226804123711341]
Train_Test 36 metrics  [2.6464209197318715, 0.502568493150685] [2.660175714296164, 0.5]
Train_Test 37 metrics  [0.3386958389793901, 0.939925799086758] [0.3331777284440306, 0.9407216494845361]
Train_Test 38 metrics  [0.25995250087078303, 0.9559075342465754] [0.2522422376367235, 0.9600515463917526]
Train_Test 39 metrics  [0.6198926697310791, 0.7802511415525114] [0.6125555818842858, 0.7757731958762887]
Train_Test 40 metrics  [4.110315679959511, 0.5019977168949772] [4.088294869845676, 0.5025773195876289]
Train_Test 41 metrics  [1.2614574230969224, 0.5] [1.2632612002264594, 0.5]
Train_Test 42 metrics  [0.36649817262338175, 0.939783105022831] [0.3671034439322875, 0.9329896907216495]
Train_Test 43 metrics  [0.2404254947078827, 0.9746004566210046] [0.24615377648589537, 0.9742268041237113]
Train_Test 44 metrics  [0.5957757171974879, 0.8547374429223744] [0.5988183765067268, 0.8427835051546392]
Train_Test 45 metrics  [0.37695357217091946, 0.9106735159817352] [0.36533935414147134, 0.9201030927835051]
Train_Test 46 metrics  [0.595825681947682, 0.6984874429223744] [0.6080200917942008, 0.6713917525773195]
Train_Test 47 metrics  [0.24969250385619735, 0.968607305936073] [0.24749143867148565, 0.9690721649484536]
Train_Test 48 metrics  [0.31067311695721594, 0.9152397260273972] [0.30089526631168484, 0.9201030927835051]
Train_Test 49 metrics  [0.1349815090429293, 0.9865867579908676] [0.13791308513621695, 0.9845360824742269]
Train_Test 50 metrics  [1.7954979971663592, 0.5034246575342466] [1.8323272872216922, 0.5051546391752577]
Final_metrics_Test : [0.19589124266634284, 0.9935567010309279]
Final_metrics_Train : [0.18953184790262892, 0.9895833333333334]


              precision    recall  f1-score   support

           0   0.989796  1.000000  0.994872       194
           1   1.000000  0.989691  0.994819       194

   micro avg   0.994845  0.994845  0.994845       388
   macro avg   0.994898  0.994845  0.994845       388
weighted avg   0.994898  0.994845  0.994845       388

AUC
0.9958417472632586
