Train_Test 1 metrics  [0.9454948415012785, 0.5004283266023933] [0.9448327153156966, 0.5]
Train_Test 2 metrics  [0.8573282466215246, 0.5005711023294197] [0.8577088820628631, 0.5012820512820513]
Train_Test 3 metrics  [0.8310100879415929, 0.500713877852204] [0.8310484571334643, 0.5]
Train_Test 4 metrics  [0.729375207342467, 0.5007138778862444] [0.7293173285631033, 0.5]
Train_Test 5 metrics  [0.7770833970818228, 0.5000000000170202] [0.7761413916563377, 0.5]
Train_Test 6 metrics  [0.6350355926477725, 0.8101085094572271] [0.6272778174816034, 0.8051282048225403]
Train_Test 7 metrics  [0.8330221997200592, 0.49971444890337086] [0.8323827624320984, 0.5]
Train_Test 8 metrics  [0.7450906127470006, 0.5000000001021211] [0.7450390632335956, 0.5]
Train_Test 9 metrics  [0.7178543274706258, 0.49957167327846547] [0.7178026330776703, 0.5]
Train_Test 10 metrics  [0.7262221836893985, 0.4992861221818363] [0.7259733731930073, 0.5]
Train_Test 11 metrics  [0.7085310173402304, 0.5005711021932583] [0.7085841218630473, 0.5]
Train_Test 12 metrics  [0.7099186199382671, 0.4792975442774428] [0.7102356458321596, 0.48846153846153845]
Train_Test 13 metrics  [0.6798459878654087, 0.4346087949572802] [0.68188793078447, 0.41538461523178294]
Train_Test 14 metrics  [5.344803662793014, 0.48700742434597505] [5.307465125352908, 0.49230769230769234]
Train_Test 15 metrics  [0.8469154550850834, 0.645916619040774] [0.8368174173893073, 0.6397435894379249]
Train_Test 16 metrics  [0.7585398728748106, 0.6686179326269573] [0.7777807009525788, 0.6628205128205128]
Train_Test 17 metrics  [0.45326584017596744, 0.8680753855280438] [0.449087829161913, 0.8666666663610019]
Train_Test 18 metrics  [0.2010152730633367, 0.9615933752141633] [0.17399528611164827, 0.9782051282051282]
Train_Test 19 metrics  [0.48786771099169823, 0.8463735008566533] [0.4934970626464257, 0.8410256413313059]
Train_Test 20 metrics  [0.6101527826095703, 0.758138206807087] [0.6631128665728446, 0.7307692307692307]
Train_Test 21 metrics  [0.26159887020925604, 0.9565962307252999] [0.2849074852772248, 0.9551282048225402]
Train_Test 22 metrics  [0.2696647576643085, 0.9408909193724649] [0.248340465930792, 0.9615384612327967]
Train_Test 23 metrics  [0.24078736878476234, 0.9785836663741783] [0.24757641278780423, 0.9794871794871794]
Train_Test 24 metrics  [0.2172893733211683, 0.9575956596230726] [0.2174503566362919, 0.9564102561045915]
Train_Test 25 metrics  [0.23764295981551226, 0.9735865219874358] [0.22966185533083402, 0.9692307692307692]
Train_Test 26 metrics  [0.18634364812255655, 0.9792975442604226] [0.17905355103504964, 0.982051282051282]
Train_Test 27 metrics  [0.20109521314663453, 0.9705882353621983] [0.20045015185307233, 0.9692307692307692]
Train_Test 28 metrics  [0.5020442355928388, 0.8637921186871422] [0.4720746208459903, 0.8794871797928443]
Train_Test 29 metrics  [1.0027285881685162, 0.7727013135691632] [0.9190231879552205, 0.7794871797928443]
Train_Test 30 metrics  [0.3897765920987339, 0.8937749856203233] [0.3904190311065087, 0.8974358977415623]
Train_Test 31 metrics  [0.26379703479722727, 0.9356082237699521] [0.24616636756138924, 0.9461538458481813]
Train_Test 32 metrics  [0.21060286412097468, 0.9514563106796117] [0.20507254508825448, 0.9551282051282052]
Train_Test 33 metrics  [0.44027194055674895, 0.8479440319476844] [0.46421930025785396, 0.8358974362031008]
Train_Test 34 metrics  [0.2480080182180617, 0.9140491148936687] [0.25055689307359547, 0.9141025637968992]
Train_Test 35 metrics  [0.19859831178106627, 0.9414620215997636] [0.18718381447669788, 0.9487179484122839]
Train_Test 36 metrics  [0.4163071250044095, 0.8473729298225068] [0.44010407252189443, 0.8499999996943352]
Train_Test 37 metrics  [0.10688357864496437, 0.9878640776699029] [0.1050162075421749, 0.9910256410256411]
Train_Test 38 metrics  [0.20633808957005417, 0.9550256996002284] [0.22283936540285745, 0.9423076920020275]
Train_Test 39 metrics  [0.2181602730147162, 0.9735865219874358] [0.22746603244390243, 0.9743589743589743]
Train_Test 40 metrics  [0.2210589588743697, 0.9601656196459166] [0.20251041857095864, 0.9705128208184853]
Train_Test 41 metrics  [0.1375227156730804, 0.9868646487721302] [0.14039334784715604, 0.9846153846153847]
Train_Test 42 metrics  [0.2159616439972926, 0.9328954881902833] [0.22252041636369166, 0.9371794868738224]
Train_Test 43 metrics  [0.32132729125458603, 0.8729297544600826] [0.3139580231446486, 0.8717948721005366]
Train_Test 44 metrics  [0.18083656370333437, 0.9440319816226077] [0.1836135188738505, 0.9461538461538461]
Train_Test 45 metrics  [0.09423733042656252, 0.9940034266133638] [0.09931723819329188, 0.9897435897435898]
Train_Test 46 metrics  [0.12016755327165365, 0.9818675042832667] [0.1308220244370974, 0.9756410256410256]
Train_Test 47 metrics  [0.11765867831671599, 0.9740148485557887] [0.13208648562431335, 0.9641025637968993]
Train_Test 48 metrics  [0.13450096116993238, 0.9828669331810395] [0.15147840059720552, 0.9794871794871794]
Train_Test 49 metrics  [0.5329680809935183, 0.8202455738556174] [0.5497855152839269, 0.8064102567159213]
Train_Test 50 metrics  [0.11340171352309679, 0.990005711022273] [0.11279642967841565, 0.9897435897435898]
Final_metrics_Test : [0.1050162075421749, 0.9910256410256411]
Final_metrics_Train : [0.1068835785002929, 0.9878640776699029]


              precision    recall  f1-score   support

           0   0.989796  0.994872  0.992327       195
           1   0.994845  0.989744  0.992288       195

   micro avg   0.992308  0.992308  0.992308       390
   macro avg   0.992321  0.992308  0.992308       390
weighted avg   0.992321  0.992308  0.992308       390

AUC
0.9995200525969756
