Train_Test 1 metrics  [0.9889776603271972, 0.5005707762557078] [0.9891867846557775, 0.5]
Train_Test 2 metrics  [1.1403770789708176, 0.5007134703196348] [1.1422715850712097, 0.5]
Train_Test 3 metrics  [1.1716432995992163, 0.5017123287671232] [1.1756879877798336, 0.5]
Train_Test 4 metrics  [1.084881185940956, 0.5405251141552512] [1.046209370967039, 0.5373711340206185]
Train_Test 5 metrics  [0.5525428916765674, 0.7422945205479452] [0.5438128691358665, 0.7448453608247423]
Train_Test 6 metrics  [0.3202093068051012, 0.9453481735159818] [0.29865337155528904, 0.961340206185567]
Train_Test 7 metrics  [0.4508176034988334, 0.8254851598173516] [0.4621714058610582, 0.8144329896907216]
Train_Test 8 metrics  [0.6605241592616251, 0.69962899543379] [0.6408059885821391, 0.7164948453608248]
Train_Test 9 metrics  [0.6191346177227421, 0.6217180365296804] [0.5988274090683338, 0.6353092783505154]
Train_Test 10 metrics  [1.3491668047970289, 0.5068493150684932] [1.3011822626762783, 0.5038659793814433]
Train_Test 11 metrics  [3.7416087731923144, 0.5] [3.7269965102992106, 0.49742268041237114]
Train_Test 12 metrics  [0.5797584919624676, 0.8620148401826484] [0.5874444203278453, 0.8634020618556701]
Train_Test 13 metrics  [0.1927617160969129, 0.966466894977169] [0.20758689310132844, 0.9639175257731959]
Train_Test 14 metrics  [0.30722692241407423, 0.9463470319634704] [0.34410992725608275, 0.9278350515463918]
Train_Test 15 metrics  [0.9148078261445102, 0.5182648401826484] [0.8901261797885305, 0.5180412371134021]
Train_Test 16 metrics  [0.1201301650505632, 0.9690353881278538] [0.09207351747708223, 0.9845360824742269]
Train_Test 17 metrics  [0.15707782720594102, 0.9666095890410958] [0.152006097829219, 0.970360824742268]
Train_Test 18 metrics  [0.41295308214888726, 0.8899828767123288] [0.4303838993163453, 0.8917525773195877]
Train_Test 19 metrics  [1.0639196261423363, 0.7975171232876712] [1.116355117141586, 0.7925257731958762]
Train_Test 20 metrics  [0.17615119432477647, 0.9666095890410958] [0.1843851661098372, 0.9639175257731959]
Train_Test 21 metrics  [0.6627123418463964, 0.831763698630137] [0.6123368005777142, 0.8324742268041238]
Train_Test 22 metrics  [0.23072487945970335, 0.9810216894977168] [0.21174743172434188, 0.9896907216494846]
Train_Test 23 metrics  [0.49023663099497966, 0.8695776255707762] [0.5139100093816974, 0.8608247422680413]
Train_Test 24 metrics  [0.45223542598828875, 0.9106735159817352] [0.4453048785937201, 0.9175257731958762]
Train_Test 25 metrics  [0.5209746475089087, 0.918093607305936] [0.5210138559341431, 0.9252577319587629]
Train_Test 26 metrics  [0.23664946452667723, 0.973458904109589] [0.2503634030671464, 0.9664948453608248]
Train_Test 27 metrics  [0.20770363945122725, 0.9864440639269406] [0.18464942844872623, 0.9948453608247423]
Train_Test 28 metrics  [0.8477879504090575, 0.778824200913242] [0.8818734251346785, 0.7577319587628866]
Train_Test 29 metrics  [0.28876506438538363, 0.9539098173515982] [0.2716195260741047, 0.9639175257731959]
Train_Test 30 metrics  [0.7064420398511843, 0.5131278538812786] [0.7112360062058439, 0.5077319587628866]
Train_Test 31 metrics  [0.6807533222246388, 0.5017123287671232] [0.6608142785190307, 0.5]
Train_Test 32 metrics  [1.2872981867289435, 0.5008561643835616] [1.2470346719948286, 0.5]
Train_Test 33 metrics  [1.4499485465489566, 0.7133276255707762] [1.549117157139729, 0.7139175257731959]
Train_Test 34 metrics  [0.4793126331344587, 0.889554794520548] [0.4767674766864973, 0.8981958762886598]
Train_Test 35 metrics  [0.3874437645690082, 0.8939783105022832] [0.39418305594896536, 0.8969072164948454]
Train_Test 36 metrics  [0.36464565842663316, 0.9246575342465754] [0.31103555197568283, 0.9304123711340206]
Train_Test 37 metrics  [0.1635264704965021, 0.9863013698630136] [0.15830502098368615, 0.9871134020618557]
Train_Test 38 metrics  [0.46121516306650695, 0.76912100456621] [0.4717964855666013, 0.7422680412371134]
Train_Test 39 metrics  [0.3149580593522825, 0.934931506849315] [0.2552204846414094, 0.9484536082474226]
Train_Test 40 metrics  [0.18333641347819812, 0.9841609589041096] [0.1702774856815633, 0.9845360824742269]
Train_Test 41 metrics  [0.17641612363460402, 0.9871575342465754] [0.16113420737158393, 0.9974226804123711]
Train_Test 42 metrics  [0.9243451362331164, 0.5923230593607306] [0.8902998996764114, 0.6018041237113402]
Train_Test 43 metrics  [0.2571435458447835, 0.9005422374429224] [0.28974530085460426, 0.8788659793814433]
Train_Test 44 metrics  [0.20629043938362435, 0.9800228310502284] [0.20030098047453104, 0.979381443298969]
Train_Test 45 metrics  [0.13955069969506023, 0.988013698630137] [0.1217182073550126, 0.9922680412371134]
Train_Test 46 metrics  [0.3020122328849688, 0.91324200913242] [0.2948208864509445, 0.9278350515463918]
Train_Test 47 metrics  [0.1914837065760948, 0.9768835616438356] [0.18024814804804692, 0.9871134020618557]
Train_Test 48 metrics  [0.14007298886503802, 0.983304794520548] [0.13472060321532575, 0.9845360824742269]
Train_Test 49 metrics  [0.35108241425257297, 0.8470319634703196] [0.3394808093297113, 0.8530927835051546]
Train_Test 50 metrics  [0.16781167175671827, 0.980593607305936] [0.15900067539559198, 0.9845360824742269]
Final_metrics_Test : [0.16113420737158393, 0.9974226804123711]
Final_metrics_Train : [0.1764161235665622, 0.9871575342465754]


              precision    recall  f1-score   support

           0   0.994872  1.000000  0.997429       194
           1   1.000000  0.994845  0.997416       194

   micro avg   0.997423  0.997423  0.997423       388
   macro avg   0.997436  0.997423  0.997423       388
weighted avg   0.997436  0.997423  0.997423       388

AUC
0.9999667871187161
