# average_precision["micro"]	0.9999432483807499
recall	precision
1.0	0.903855085926614
0.999743062692703	0.9038327526132404
0.999743062692703	0.904042750929368
0.999743062692703	0.9042528468510341
0.999743062692703	0.904463040446304
0.999743062692703	0.9046733317833062
0.999743062692703	0.9048837209302325
0.999743062692703	0.9050942079553385
0.999743062692703	0.9053047929269428
0.999743062692703	0.905515475913428
0.999743062692703	0.9057262569832403
0.999743062692703	0.9059371362048894
0.999743062692703	0.9061481136469492
0.999743062692703	0.9063591893780573
0.999743062692703	0.9065703634669152
0.999743062692703	0.9067816359822886
0.999743062692703	0.906993006993007
0.999743062692703	0.9072044765679645
0.999743062692703	0.9074160447761194
0.999743062692703	0.907627711686494
0.999743062692703	0.9078394773681755
0.999743062692703	0.908051341890315
0.999743062692703	0.9082633053221288
0.999743062692703	0.9084753677328975
0.999743062692703	0.9086875291919664
0.999743062692703	0.9088997897687456
0.999743062692703	0.9091121495327102
0.999743062692703	0.9093246085534004
0.999743062692703	0.9095371669004207
0.999743062692703	0.9097498246434417
0.999743062692703	0.9099625818521984
0.999743062692703	0.9101754385964912
0.999743062692703	0.9103883949461863
0.999743062692703	0.9106014509712146
0.999743062692703	0.910814606741573
0.999743062692703	0.9110278623273238
0.999743062692703	0.9112412177985948
0.999743062692703	0.9114546732255797
0.999743062692703	0.9116682286785379
0.999743062692703	0.9118818842277947
0.999743062692703	0.9120956399437412
0.999743062692703	0.9123094958968347
0.999743062692703	0.9125234521575984
0.999743062692703	0.9127375087966221
0.999743062692703	0.9129516658845612
0.999743062692703	0.913165923492138
0.999743062692703	0.9133802816901408
0.999743062692703	0.9135947405494248
0.999743062692703	0.9138093001409112
0.999743062692703	0.9140239605355884
0.999743062692703	0.9142387218045113
0.999743062692703	0.9144535840188014
0.999743062692703	0.9146685472496474
0.999743062692703	0.9148836115683048
0.999743062692703	0.915098777046096
0.999743062692703	0.9153140437544107
0.999743062692703	0.9155294117647059
0.999743062692703	0.9157448811485055
0.999743062692703	0.9159604519774012
0.999743062692703	0.9161761243230515
0.999743062692703	0.9163918982571833
0.999743062692703	0.9166077738515901
0.999743062692703	0.9168237511781339
0.999743062692703	0.9170398303087438
0.999743062692703	0.9172560113154172
0.999743062692703	0.9174722942702193
0.999743062692703	0.917688679245283
0.999743062692703	0.9179051663128096
0.999743062692703	0.9181217555450685
0.999743062692703	0.9183384470143969
0.999743062692703	0.9185552407932012
0.999743062692703	0.9187721369539551
0.999743062692703	0.9189891355692017
0.999743062692703	0.9192062367115521
0.999743062692703	0.9194234404536862
0.999743062692703	0.9196407468683526
0.999743062692703	0.9198581560283688
0.999743062692703	0.920075668006621
0.999743062692703	0.9202932828760644
0.999743062692703	0.9205110007097232
0.999743062692703	0.9207288215806909
0.999743062692703	0.9209467455621302
0.999743062692703	0.9211647727272727
0.999743062692703	0.9213829031494198
0.999743062692703	0.9216011369019422
0.999743062692703	0.92181947405828
0.999743062692703	0.9220379146919432
0.999743062692703	0.922256458876511
0.999743062692703	0.922475106685633
0.999743062692703	0.9226938581930282
0.999743062692703	0.9229127134724858
0.999743062692703	0.9231316725978648
0.999743062692703	0.9233507356430944
0.999743062692703	0.9235699026821742
0.999743062692703	0.9237891737891738
0.999743062692703	0.9240085490382332
0.999743062692703	0.9242280285035629
0.999743062692703	0.924447612259444
0.999743062692703	0.9246673003802282
0.999743062692703	0.9248870929403376
0.999743062692703	0.9251069900142653
0.999743062692703	0.9253269916765755
0.999743062692703	0.9255470980019029
0.999743062692703	0.9257673090649536
0.999743062692703	0.9259876249405046
0.999743062692703	0.926208045703404
0.999743062692703	0.9264285714285714
0.999743062692703	0.9266492021909979
0.999743062692703	0.9268699380657456
0.999743062692703	0.9270907791279486
0.999743062692703	0.9273117254528122
0.999743062692703	0.9275327771156138
0.999743062692703	0.9277539341917024
0.999743062692703	0.927975196756499
0.999743062692703	0.9281965648854962
0.999743062692703	0.9284180386542591
0.999743062692703	0.9286396181384248
0.999743062692703	0.9288613034137025
0.999743062692703	0.9290830945558739
0.999743062692703	0.9293049916407929
0.999743062692703	0.929526994744386
0.999743062692703	0.9297491039426523
0.999743062692703	0.9299713193116634
0.999743062692703	0.930193640927564
0.999743062692703	0.930416068866571
0.999743062692703	0.9306386032049749
0.999743062692703	0.9308612440191387
0.999743062692703	0.9310839913854989
0.999743062692703	0.9313068453805649
0.999743062692703	0.9315298060809193
0.999743062692703	0.9317528735632183
0.999743062692703	0.9319760479041916
0.999743062692703	0.9321993291806421
0.999743062692703	0.9324227174694465
0.999743062692703	0.9326462128475551
0.999743062692703	0.9328698153919923
0.999743062692703	0.9330935251798561
0.999743062692703	0.9333173422883185
0.999743062692703	0.9335412667946257
0.999743062692703	0.9337652987760979
0.999743062692703	0.9339894383101296
0.999743062692703	0.9342136854741897
0.999743062692703	0.9344380403458213
0.999743062692703	0.9346625030026423
0.999743062692703	0.934887073522345
0.999743062692703	0.9351117519826965
0.999743062692703	0.9353365384615384
0.999743062692703	0.9355614330367877
0.999743062692703	0.9357864357864358
0.999743062692703	0.9360115467885495
0.999743062692703	0.9362367661212705
0.999743062692703	0.9364620938628159
0.999743062692703	0.9366875300914781
0.999743062692703	0.9369130748856248
0.999743062692703	0.9371387283236994
0.999743062692703	0.9373644904842207
0.999743062692703	0.9375903614457831
0.999743062692703	0.9378163412870572
0.999743062692703	0.9380424300867888
0.999743062692703	0.9382686279238004
0.999743062692703	0.9384949348769899
0.999743062692703	0.9387213510253317
0.999743062692703	0.9389478764478765
0.999743062692703	0.939174511223751
0.999743062692703	0.9394012554321584
0.999743062692703	0.9396281091523786
0.999743062692703	0.9398550724637681
0.999743062692703	0.9400821454457599
0.999743062692703	0.9403093281778637
0.999743062692703	0.9405366207396664
0.999743062692703	0.9407640232108317
0.999743062692703	0.9409915356711004
0.999743062692703	0.9412191582002902
0.999743062692703	0.9414468908782966
0.999743062692703	0.9416747337850919
0.999743062692703	0.9419026870007262
0.999743062692703	0.9421307506053269
0.999743062692703	0.9423589246790991
0.999743062692703	0.9425872093023255
0.999743062692703	0.9428156045553671
0.999743062692703	0.9430441105186621
0.999743062692703	0.9432727272727273
0.999743062692703	0.9435014548981572
0.999743062692703	0.9437302934756245
0.999743062692703	0.9439592430858806
0.999743062692703	0.9441883038097549
0.999743062692703	0.9444174757281554
0.999743062692703	0.9446467589220685
0.999743062692703	0.9448761534725595
0.999743062692703	0.9451056594607724
0.999743062692703	0.9453352769679301
0.999743062692703	0.9455650060753341
0.999743062692703	0.9457948468643655
0.999743062692703	0.9460247994164843
0.999743062692703	0.9462548638132295
0.999743062692703	0.9464850401362199
0.999743062692703	0.9467153284671533
0.999743062692703	0.9469457288878073
0.999743062692703	0.947176241480039
0.999743062692703	0.9474068663257852
0.999743062692703	0.9476376035070628
0.999743062692703	0.9478684531059683
0.999743062692703	0.9480994152046783
0.999743062692703	0.9483304898854497
0.999743062692703	0.9485616772306192
0.999743062692703	0.9487929773226043
0.999743062692703	0.9490243902439024
0.999743062692703	0.9492559160770919
0.999743062692703	0.9494875549048316
0.999743062692703	0.9497193068098608
0.999743062692703	0.949951171875
0.999743062692703	0.9501831501831501
0.999743062692703	0.9504152418172936
0.999743062692703	0.9506474468604935
0.999743062692703	0.9508797653958945
0.999743062692703	0.951112197506722
0.999743062692703	0.9513447432762836
0.999743062692703	0.9515774027879678
0.999743062692703	0.9518101761252447
0.999743062692703	0.9520430633716662
0.999743062692703	0.9522760646108663
0.999743062692703	0.9525091799265606
0.999743062692703	0.9527424094025465
0.999743062692703	0.9529757531227039
0.999743062692703	0.9532092111709947
0.999743062692703	0.9534427836314628
0.999743062692703	0.9536764705882353
0.999743062692703	0.9539102721255209
0.999743062692703	0.9541441883276116
0.999743062692703	0.9543782192788816
0.999743062692703	0.954612365063788
0.999743062692703	0.9548466257668712
0.999743062692703	0.9550810014727541
0.999743062692703	0.9553154922661429
0.999743062692703	0.9555500982318271
0.999743062692703	0.9557848194546794
0.999743062692703	0.956019656019656
0.999743062692703	0.9562546080117965
0.999743062692703	0.9564896755162242
0.999743062692703	0.956724858618146
0.999743062692703	0.9569601574028529
0.999743062692703	0.9571955719557196
0.999743062692703	0.9574311023622047
0.999743062692703	0.9576667487078513
0.999743062692703	0.9579025110782866
0.999743062692703	0.9581383895592218
0.999743062692703	0.9583743842364532
0.999743062692703	0.9586104951958611
0.999743062692703	0.9588467225234105
0.999743062692703	0.9590830663051516
0.999743062692703	0.959319526627219
0.999743062692703	0.9595561035758323
0.999743062692703	0.9597927972372965
0.999743062692703	0.9600296076980015
0.999743062692703	0.9602665350444225
0.999743062692703	0.9605035793631203
0.999743062692703	0.9607407407407408
0.999743062692703	0.9609780192640158
0.999743062692703	0.9612154150197628
0.999743062692703	0.9614529280948851
0.999743062692703	0.9616905585763718
0.999743062692703	0.9619283065512979
0.999743062692703	0.962166172106825
0.999743062692703	0.9624041553302003
0.999743062692703	0.962642256308758
0.999743062692703	0.9628804751299184
0.999743062692703	0.9631188118811881
0.999743062692703	0.963357266650161
0.999743062692703	0.9635958395245171
0.999743062692703	0.9638345305920237
0.999743062692703	0.9640733399405352
0.999743062692703	0.9643122676579926
0.999743062692703	0.9645513138324244
0.999743062692703	0.9647904785519464
0.999743062692703	0.9650297619047619
0.999743062692703	0.9652691639791615
0.999743062692703	0.9655086848635236
0.999743062692703	0.9657483246463142
0.999743062692703	0.9659880834160874
0.999743062692703	0.966227961261485
0.999743062692703	0.966467958271237
0.999743062692703	0.9667080745341615
0.999743062692703	0.966948310139165
0.999743062692703	0.9671886651752424
0.999743062692703	0.9674291397314769
0.999743062692703	0.9676697338970406
0.999743062692703	0.9679104477611941
0.999743062692703	0.9681512814132869
0.999743062692703	0.9683922349427576
0.999743062692703	0.9686333084391336
0.999743062692703	0.9688745019920318
0.999743062692703	0.9691158156911581
0.999743062692703	0.9693572496263079
0.999743062692703	0.9695988038873661
0.999743062692703	0.9698404785643071
0.999743062692703	0.9700822737471952
0.999743062692703	0.9703241895261845
0.999743062692703	0.9705662259915191
0.999743062692703	0.9708083832335329
0.999743062692703	0.9710506613426504
0.999743062692703	0.9712930604093859
0.999743062692703	0.9715355805243445
0.999743062692703	0.9717782217782218
0.999743062692703	0.9720209842618036
0.999743062692703	0.972263868065967
0.999743062692703	0.9725068732816796
0.999743062692703	0.97275
0.999743062692703	0.972993248312078
0.999743062692703	0.9732366183091545
0.999743062692703	0.973480110082562
0.999743062692703	0.9737237237237237
0.999743062692703	0.9739674593241552
0.999743062692703	0.9742113169754631
0.999743062692703	0.9744552967693464
0.999743062692703	0.9746993987975952
0.999743062692703	0.9749436231520922
0.999743062692703	0.975187969924812
0.999743062692703	0.9754324392078215
0.999743062692703	0.9756770310932799
0.999743062692703	0.9759217456734387
0.999743062692703	0.9761665830406423
0.999743062692703	0.9764115432873275
0.999743062692703	0.9769018327893547
0.999743062692703	0.9771471622300352
0.999743062692703	0.9773926149208741
0.999743062692703	0.9776381909547739
0.999743062692703	0.9778838904247298
0.999743062692703	0.978129713423831
0.999743062692703	0.9783756600452602
0.999743062692703	0.9786217303822937
0.999743062692703	0.9788679245283018
0.999743062692703	0.9791142425767488
0.999743062692703	0.9793606846211931
0.999743062692703	0.979607250755287
0.999743062692703	0.9798539410727777
0.999743062692703	0.9801007556675063
0.999743062692703	0.9803476946334089
0.999743062692703	0.9805947580645161
0.999743062692703	0.9808419460549533
0.999743062692703	0.981089258698941
0.999743062692703	0.9813366960907944
0.999743062692703	0.9815842583249244
0.999743062692703	0.9818319454958365
0.999743062692703	0.9820797576981323
0.999743062692703	0.9823276950265084
0.999743062692703	0.9825757575757575
0.999743062692703	0.9828239454407679
0.999743062692703	0.9830722587165235
0.999743062692703	0.9833206974981046
0.999743062692703	0.9835692618806876
0.999743062692703	0.9838179519595449
0.999743062692703	0.9840667678300455
0.999743062692703	0.9843157095876549
0.999743062692703	0.9845647773279352
0.999743062692703	0.9848139711465452
0.999743062692703	0.9850632911392405
0.999743062692703	0.9853127374018739
0.999743062692703	0.9855623100303952
0.999743062692703	0.9858120091208513
0.999743062692703	0.9860618347693867
0.999743062692703	0.9863117870722433
0.999743062692703	0.9865618661257607
0.999743062692703	0.9868120720263759
0.999743062692703	0.987062404870624
0.999743062692703	0.9873128647551382
0.999743062692703	0.9875634517766497
0.999743062692703	0.9878141660319878
0.999743062692703	0.9880650076180802
0.999743062692703	0.9883159766319533
0.999743062692703	0.9885670731707317
0.999743062692703	0.9888182973316392
0.999743062692703	0.9890696492119979
0.999743062692703	0.9893211289092296
0.999743062692703	0.9895727365208545
0.999743062692703	0.9898244721444925
0.999743062692703	0.9900763358778626
0.999743062692703	0.9903283278187834
0.999743062692703	0.9905804480651731
0.999743062692703	0.9908326967150497
0.999743062692703	0.9910850738665308
0.999743062692703	0.9913375796178344
0.999743062692703	0.9915902140672783
0.999743062692703	0.9918429773132806
0.999743062692703	0.99209586945436
0.999743062692703	0.9923488905891354
0.999743062692703	0.9926020408163265
0.999743062692703	0.9928553202347538
0.999743062692703	0.9931087289433385
0.999743062692703	0.9933622670411029
0.999743062692703	0.9936159346271706
0.999743062692703	0.9938697318007663
0.999743062692703	0.9941236586612161
0.9994861253854059	0.9941221569128545
0.9994861253854059	0.9943762781186094
0.9994861253854059	0.9946305292763999
0.9994861253854059	0.9948849104859335
0.9994861253854059	0.9951394218470196
0.9994861253854059	0.9953940634595702
0.9994861253854059	0.9956488354235987
0.9994861253854059	0.9959037378392217
0.9994861253854059	0.9961587708066582
0.9994861253854059	0.9964139344262295
0.9994861253854059	0.9966692287983603
0.9994861253854059	0.9969246540235777
0.9994861253854059	0.9971802102025121
0.9994861253854059	0.9974358974358974
0.9994861253854059	0.9976917158245704
0.9994861253854059	0.9979476654694716
0.9994861253854059	0.9982037464716449
0.9994861253854059	0.9984599589322382
0.9994861253854059	0.9987163029525032
0.9992291880781089	0.9987159732922445
0.9992291880781089	0.9989725147701002
0.9992291880781089	0.9992291880781089
0.998972250770812	0.9992289899768697
0.9987153134635149	0.9992287917737789
0.9987153134635149	0.999485728979172
0.9984583761562179	0.9994855967078189
0.9982014388489209	0.9994854643684075
0.9979445015416238	0.9994853319608852
0.9976875642343268	0.9994851994851995
0.9974306269270298	0.9994850669412977
0.9971736896197327	0.999484934329127
0.9969167523124358	0.9994848016486347
0.9966598150051388	0.9994846688997681
0.9964028776978417	0.9994845360824742
0.9961459403905447	0.9994844031967002
0.9958890030832477	0.999484270242393
0.9956320657759506	0.9994841372194996
0.9953751284686536	0.999484004127967
0.9951181911613566	0.9994838709677419
0.9948612538540597	0.9994837377387713
0.9946043165467626	0.9994836044410018
0.9943473792394656	0.9994834710743802
0.9940904419321686	0.999483337638853
0.9938335046248715	0.999483204134367
0.9938335046248715	0.9997415352804342
0.9935765673175745	0.999741468459152
0.9933196300102775	0.99974140160331
0.9930626927029804	0.9997413347128815
0.9928057553956835	0.9997412677878396
0.9925488180883865	0.9997412008281573
0.9922918807810894	0.9997411338338079
0.9920349434737924	0.9997410668047644
0.9917780061664954	0.9997409997409997
0.9915210688591983	0.9997409326424871
0.9912641315519013	0.9997408655091993
0.9910071942446043	0.9997407983411094
0.9907502569373073	0.9997407311381903
0.9904933196300103	0.9997406639004149
0.9902363823227133	0.9997405966277562
0.9899794450154162	0.9997405293201869
0.9897225077081192	0.9997404619776797
0.9894655704008222	0.9997403946002077
0.9892086330935251	0.9997403271877434
0.9889516957862282	0.9997402597402597
0.9886947584789312	0.9997401922577293
0.9884378211716341	0.9997401247401247
0.9881808838643371	0.9997400571874188
0.9879239465570401	0.999739989599584
0.987667009249743	0.999739921976593
0.987410071942446	0.9997398543184183
0.987153134635149	0.9997397866250325
0.986896197327852	0.9997397188964081
0.986639260020555	0.9997396511325176
0.986382322713258	0.9997395833333333
0.986125385405961	0.9997395154988278
0.9858684480986639	0.9997394476289734
0.9856115107913669	0.9997393797237425
0.9853545734840699	0.9997393117831074
0.9850976361767728	0.9997392438070404
0.9848406988694759	0.9997391757955139
0.9845837615621789	0.9997391077484998
0.9843268242548818	0.9997390396659708
0.9840698869475848	0.9997389715478987
0.9838129496402878	0.9997389033942559
0.9835560123329907	0.9997388352050144
0.9832990750256937	0.9997387669801463
0.9830421377183967	0.9997386987196237
0.9827852004110997	0.9997386304234187
0.9825282631038027	0.9997385620915032
0.9822713257965057	0.9997384937238494
0.9820143884892086	0.999738425320429
0.9817574511819116	0.999738356881214
0.9815005138746146	0.9997382884061764
0.9812435765673175	0.999738219895288
0.9809866392600206	0.9997381513485205
0.9807297019527236	0.999738082765846
0.9804727646454265	0.9997380141472361
0.9802158273381295	0.9997379454926625
0.9799588900308325	0.999737876802097
0.9797019527235354	0.9997378080755113
0.9794450154162384	0.999737739312877
0.9791880781089414	0.9997376705141658
0.9789311408016445	0.9997376016793492
0.9786742034943474	0.9997375328083989
0.9784172661870504	0.9997374639012864
0.9781603288797533	0.9997373949579832
0.9779033915724563	0.9997373259784608
0.9776464542651593	0.9997372569626904
0.9773895169578622	0.9997371879106439
0.9771325796505652	0.9997371188222923
0.9768756423432683	0.9997370496976071
0.9766187050359713	0.9997369805365597
0.9763617677286742	0.9997369113391212
0.9761048304213772	0.9997368421052631
0.9758478931140802	0.9997367728349565
0.9755909558067831	0.9997367035281727
0.9753340184994861	0.9997366341848828
0.975077081192189	0.9997365648050579
0.9748201438848921	0.9997364953886693
0.9745632065775951	0.9997364259356879
0.9743062692702981	0.9997363564460849
0.974049331963001	0.9997362869198312
0.973792394655704	0.9997362173568979
0.973535457348407	0.9997361477572559
0.9732785200411099	0.9997360781208762
0.9730215827338129	0.9997360084477297
0.972764645426516	0.9997359387377872
0.9725077081192189	0.9997358689910195
0.9722507708119219	0.9997357992073976
0.9719938335046249	0.9997357293868921
0.9717368961973278	0.999735659529474
0.9714799588900308	0.9997355896351137
0.9712230215827338	0.999735519703782
0.9709660842754368	0.9997354497354497
0.9707091469681398	0.9997353797300873
0.9704522096608428	0.9997353096876654
0.9701952723535457	0.9997352396081546
0.9699383350462487	0.9997351694915254
0.9696813977389517	0.9997350993377483
0.9694244604316546	0.9997350291467939
0.9691675231243576	0.9997349589186324
0.9689105858170607	0.9997348886532343
0.9686536485097637	0.9997348183505701
0.9683967112024666	0.9997347480106101
0.9681397738951696	0.9997346776333245
0.9678828365878726	0.9997346072186837
0.9676258992805755	0.9997345367666578
0.9673689619732785	0.9997344662772172
0.9671120246659815	0.999734395750332
0.9668550873586845	0.9997343251859724
0.9665981500513875	0.9997342545841085
0.9663412127440905	0.9997341839447103
0.9660842754367934	0.999734113267748
0.9658273381294964	0.9997340425531915
0.9655704008221994	0.9997339718010109
0.9653134635149023	0.9997339010111762
0.9650565262076053	0.9997338301836571
0.9647995889003084	0.9997337593184239
0.9645426515930113	0.9997336884154461
0.9642857142857143	0.9997336174746937
0.9640287769784173	0.9997335464961364
0.9637718396711202	0.9997334754797441
0.9635149023638232	0.9997334044254865
0.9632579650565262	0.9997333333333334
0.9630010277492291	0.9997332622032542
0.9627440904419322	0.9997331910352187
0.9624871531346352	0.9997331198291967
0.9622302158273381	0.9997330485851575
0.9619732785200411	0.9997329773030708
0.9617163412127441	0.999732905982906
0.961459403905447	0.9997328346246327
0.96120246659815	0.9997327632282202
0.9609455292908531	0.9997326917936381
0.960688591983556	0.9997326203208556
0.960431654676259	0.9997325488098422
0.960174717368962	0.9997324772605671
0.959917780061665	0.9997324056729997
0.9596608427543679	0.9997323340471093
0.9594039054470709	0.9997322623828648
0.9591469681397738	0.9997321906802357
0.9588900308324769	0.999732118939191
0.9586330935251799	0.9997320471596999
0.9583761562178829	0.9997319753417314
0.9581192189105858	0.9997319034852546
0.9578622816032888	0.9997318315902387
0.9576053442959918	0.9997317596566524
0.9573484069886947	0.9997316876844647
0.9570914696813977	0.9997316156736447
0.9568345323741008	0.9997315436241611
0.9565775950668037	0.9997314715359829
0.9563206577595067	0.9997313994090787
0.9560637204522097	0.9997313272434175
0.9558067831449126	0.999731255038968
0.9555498458376156	0.999731182795699
0.9552929085303186	0.9997311105135789
0.9550359712230215	0.9997310381925767
0.9547790339157246	0.9997309658326607
0.9545220966084276	0.9997308934337998
0.9542651593011305	0.9997308209959623
0.9540082219938335	0.9997307485191168
0.9537512846865365	0.9997306760032318
0.9534943473792394	0.9997306034482759
0.9532374100719424	0.9997305308542171
0.9529804727646455	0.9997304582210242
0.9527235354573484	0.9997303855486654
0.9524665981500514	0.999730312837109
0.9522096608427544	0.9997302400863232
0.9519527235354573	0.9997301672962763
0.9516957862281603	0.9997300944669366
0.9514388489208633	0.9997300215982722
0.9511819116135662	0.9997299486902511
0.9509249743062693	0.9997298757428417
0.9506680369989723	0.9997298027560119
0.9504110996916753	0.9997297297297297
0.9501541623843782	0.9997296566639632
0.9498972250770812	0.9997295835586804
0.9496402877697842	0.999729510413849
0.9493833504624871	0.9997294372294372
0.9491264131551901	0.9997293640054127
0.9488694758478932	0.9997292907417433
0.9486125385405961	0.9997292174383969
0.9483556012332991	0.9997291440953413
0.9480986639260021	0.999729070712544
0.947841726618705	0.9997289972899729
0.947584789311408	0.9997289238275956
0.947327852004111	0.9997288503253796
0.9470709146968139	0.9997287767832926
0.946813977389517	0.9997287032013022
0.94655704008222	0.9997286295793758
0.9463001027749229	0.999728555917481
0.9460431654676259	0.9997284822155851
0.9457862281603289	0.9997284084736556
0.9455292908530318	0.9997283346916599
0.9452723535457348	0.9997282608695652
0.9450154162384378	0.9997281870073389
0.9447584789311408	0.9997281131049484
0.9445015416238438	0.9997280391623606
0.9442446043165468	0.999727965179543
0.9439876670092497	0.9997278911564625
0.9437307297019527	0.9997278170930866
0.9434737923946557	0.9997277429893819
0.9432168550873586	0.9997276688453159
0.9429599177800617	0.9997275946608554
0.9427029804727647	0.9997275204359674
0.9424460431654677	0.9997274461706187
0.9421891058581706	0.9997273718647764
0.9419321685508736	0.9997272975184074
0.9416752312435765	0.9997272231314784
0.9414182939362795	0.9997271487039563
0.9411613566289825	0.9997270742358079
0.9409044193216856	0.9997269997269997
0.9406474820143885	0.9997269251774986
0.9403905447070915	0.9997268505872713
0.9401336073997945	0.9997267759562841
0.9398766700924974	0.9997267012845039
0.9396197327852004	0.9997266265718973
0.9393627954779034	0.9997265518184304
0.9391058581706063	0.99972647702407
0.9388489208633094	0.9997264021887825
0.9385919835560124	0.9997263273125342
0.9383350462487153	0.9997262523952916
0.9380781089414183	0.9997261774370209
0.9378211716341213	0.9997261024376883
0.9375642343268242	0.9997260273972602
0.9373072970195272	0.9997259523157029
0.9370503597122302	0.9997258771929824
0.9367934224049332	0.999725802029065
0.9365364850976362	0.9997257268239166
0.9362795477903392	0.9997256515775035
0.9360226104830421	0.9997255762897914
0.9357656731757451	0.9997255009607466
0.9355087358684481	0.999725425590335
0.935251798561151	0.9997253501785224
0.9349948612538541	0.9997252747252747
0.9347379239465571	0.9997251992305578
0.93448098663926	0.9997251236943375
0.934224049331963	0.9997250481165796
0.933967112024666	0.9997249724972497
0.933710174717369	0.9997248968363136
0.9334532374100719	0.999724821133737
0.9331963001027749	0.9997247453894853
0.932939362795478	0.9997246696035242
0.9326824254881809	0.9997245937758193
0.9324254881808839	0.9997245179063361
0.9321685508735869	0.99972444199504
0.9319116135662898	0.9997243660418964
0.9316546762589928	0.9997242900468707
0.9313977389516958	0.9997242140099283
0.9311408016443987	0.9997241379310344
0.9308838643371018	0.9997240618101545
0.9306269270298048	0.9997239856472536
0.9303699897225077	0.999723909442297
0.9301130524152107	0.9997238331952499
0.9298561151079137	0.9997237569060774
0.9295991778006166	0.9997236805747444
0.9293422404933196	0.9997236042012161
0.9290853031860226	0.9997235277854576
0.9288283658787256	0.9997234513274337
0.9285714285714286	0.9997233748271093
0.9283144912641316	0.9997232982844494
0.9280575539568345	0.9997232216994187
0.9278006166495375	0.9997231450719822
0.9275436793422405	0.9997230684021047
0.9272867420349434	0.9997229916897507
0.9270298047276464	0.999722914934885
0.9267728674203495	0.9997228381374723
0.9265159301130524	0.9997227612974772
0.9262589928057554	0.9997226844148641
0.9260020554984584	0.9997226074895977
0.9257451181911613	0.9997225305216426
0.9254881808838643	0.9997224535109631
0.9252312435765673	0.9997223764575236
0.9249743062692704	0.9997222993612885
0.9247173689619733	0.9997222222222222
0.9244604316546763	0.999722145040289
0.9242034943473793	0.999722067815453
0.9239465570400822	0.9997219905476786
0.9236896197327852	0.9997219132369299
0.9234326824254881	0.9997218358831711
0.9231757451181911	0.9997217584863661
0.9229188078108942	0.9997216810464793
0.9226618705035972	0.9997216035634744
0.9224049331963001	0.9997215260373155
0.9221479958890031	0.9997214484679666
0.9218910585817061	0.9997213708553915
0.921634121274409	0.999721293199554
0.921377183967112	0.9997212155004181
0.921120246659815	0.9997211377579476
0.920863309352518	0.999721059972106
0.920606372045221	0.9997209821428571
0.920349434737924	0.9997209042701647
0.9200924974306269	0.9997208263539922
0.9198355601233299	0.9997207483943032
0.9195786228160329	0.9997206703910615
0.9193216855087358	0.9997205923442303
0.9190647482014388	0.9997205142537731
0.9188078108941419	0.9997204361196533
0.9185508735868448	0.9997203579418344
0.9182939362795478	0.9997202797202798
0.9180369989722508	0.9997202014549524
0.9177800616649537	0.9997201231458158
0.9175231243576567	0.9997200447928332
0.9172661870503597	0.9997199663959675
0.9170092497430626	0.9997198879551821
0.9167523124357657	0.9997198094704399
0.9164953751284687	0.9997197309417041
0.9162384378211716	0.9997196523689375
0.9159815005138746	0.9997195737521032
0.9157245632065776	0.9997194950911641
0.9154676258992805	0.9997194163860831
0.9152106885919835	0.9997193376368229
0.9149537512846866	0.9997192588433464
0.9146968139773896	0.9997191800056164
0.9144398766700925	0.9997191011235955
0.9141829393627955	0.9997190221972464
0.9139260020554985	0.9997189432265318
0.9136690647482014	0.9997188642114141
0.9134121274409044	0.999718785151856
0.9131551901336074	0.99971870604782
0.9128982528263104	0.9997186268992684
0.9126413155190134	0.9997185477061638
0.9123843782117164	0.9997184684684685
0.9121274409044193	0.9997183891861448
0.9118705035971223	0.9997183098591549
0.9116135662898253	0.9997182304874612
0.9113566289825282	0.9997181510710259
0.9110996916752312	0.9997180716098111
0.9108427543679343	0.9997179921037789
0.9105858170606372	0.9997179125528914
0.9103288797533402	0.9997178329571106
0.9100719424460432	0.9997177533163986
0.9098150051387461	0.9997176736307171
0.9095580678314491	0.9997175939000282
0.9093011305241521	0.9997175141242938
0.909044193216855	0.9997174343034756
0.9087872559095581	0.9997173544375353
0.9085303186022611	0.9997172745264349
0.908273381294964	0.9997171945701357
0.908016443987667	0.9997171145685997
0.90775950668037	0.9997170345217884
0.9075025693730729	0.9997169544296631
0.9072456320657759	0.9997168742921857
0.906988694758479	0.9997167941093175
0.906731757451182	0.9997167138810198
0.9064748201438849	0.9997166336072542
0.9062178828365879	0.9997165532879818
0.9059609455292909	0.9997164729231641
0.9057040082219938	0.9997163925127623
0.9054470709146968	0.9997163120567376
0.9051901336073997	0.9997162315550511
0.9049331963001028	0.999716151007664
0.9046762589928058	0.9997160704145373
0.9044193216855088	0.9997159897756319
0.9041623843782117	0.9997159090909091
0.9039054470709147	0.9997158283603297
0.9036485097636177	0.9997157475838545
0.9033915724563206	0.9997156667614444
0.9031346351490236	0.9997155858930603
0.9028776978417267	0.9997155049786629
0.9026207605344296	0.9997154240182129
0.9023638232271326	0.999715343011671
0.9021068859198356	0.9997152619589977
0.9018499486125385	0.9997151808601538
0.9015930113052415	0.9997150997150998
0.9013360739979445	0.999715018523796
0.9010791366906474	0.999714937286203
0.9008221993833505	0.9997148560022812
0.9005652620760535	0.9997147746719909
0.9003083247687564	0.9997146932952924
0.9000513874614594	0.9997146118721462
0.8997944501541624	0.9997145304025121
0.8995375128468653	0.9997144488863506
0.8992805755395683	0.9997143673236218
0.8990236382322713	0.9997142857142857
0.8987667009249743	0.9997142040583024
0.8985097636176773	0.9997141223556318
0.8982528263103803	0.9997140406062339
0.8979958890030832	0.9997139588100686
0.8977389516957862	0.9997138769670959
0.8974820143884892	0.9997137950772753
0.8972250770811921	0.9997137131405669
0.8969681397738952	0.9997136311569301
0.8967112024665982	0.9997135491263248
0.8964542651593012	0.9997134670487106
0.8961973278520041	0.999713384924047
0.8959403905447071	0.9997133027522935
0.89568345323741	0.9997132205334098
0.895426515930113	0.9997131382673551
0.895169578622816	0.999713055954089
0.8949126413155191	0.9997129735935706
0.894655704008222	0.9997128911857595
0.894398766700925	0.9997128087306146
0.894141829393628	0.9997127262280954
0.8938848920863309	0.9997126436781609
0.8936279547790339	0.9997125610807703
0.8936279547790339	1.0
0.8933710174717369	1.0
0.8931140801644398	1.0
0.8928571428571429	1.0
0.8926002055498459	1.0
0.8923432682425488	1.0
0.8920863309352518	1.0
0.8918293936279548	1.0
0.8915724563206577	1.0
0.8913155190133607	1.0
0.8910585817060637	1.0
0.8908016443987667	1.0
0.8905447070914697	1.0
0.8902877697841727	1.0
0.8900308324768756	1.0
0.8897738951695786	1.0
0.8895169578622816	1.0
0.8892600205549845	1.0
0.8890030832476875	1.0
0.8887461459403906	1.0
0.8884892086330936	1.0
0.8882322713257965	1.0
0.8879753340184995	1.0
0.8877183967112025	1.0
0.8874614594039054	1.0
0.8872045220966084	1.0
0.8869475847893115	1.0
0.8866906474820144	1.0
0.8864337101747174	1.0
0.8861767728674204	1.0
0.8859198355601233	1.0
0.8856628982528263	1.0
0.8854059609455293	1.0
0.8851490236382322	1.0
0.8848920863309353	1.0
0.8846351490236383	1.0
0.8843782117163412	1.0
0.8841212744090442	1.0
0.8838643371017472	1.0
0.8836073997944501	1.0
0.8833504624871531	1.0
0.8830935251798561	1.0
0.8828365878725591	1.0
0.8825796505652621	1.0
0.8823227132579651	1.0
0.882065775950668	1.0
0.881808838643371	1.0
0.881551901336074	1.0
0.8812949640287769	1.0
0.8810380267214799	1.0
0.880781089414183	1.0
0.880524152106886	1.0
0.8802672147995889	1.0
0.8800102774922919	1.0
0.8797533401849948	1.0
0.8794964028776978	1.0
0.8792394655704008	1.0
0.8789825282631039	1.0
0.8787255909558068	1.0
0.8784686536485098	1.0
0.8782117163412128	1.0
0.8779547790339157	1.0
0.8776978417266187	1.0
0.8774409044193217	1.0
0.8771839671120246	1.0
0.8769270298047277	1.0
0.8766700924974307	1.0
0.8764131551901336	1.0
0.8761562178828366	1.0
0.8758992805755396	1.0
0.8756423432682425	1.0
0.8753854059609455	1.0
0.8751284686536485	1.0
0.8748715313463515	1.0
0.8746145940390545	1.0
0.8743576567317575	1.0
0.8741007194244604	1.0
0.8738437821171634	1.0
0.8735868448098664	1.0
0.8733299075025693	1.0
0.8730729701952723	1.0
0.8728160328879754	1.0
0.8725590955806783	1.0
0.8723021582733813	1.0
0.8720452209660843	1.0
0.8717882836587872	1.0
0.8715313463514902	1.0
0.8712744090441932	1.0
0.8710174717368961	1.0
0.8707605344295992	1.0
0.8705035971223022	1.0
0.8702466598150052	1.0
0.8699897225077081	1.0
0.8697327852004111	1.0
0.869475847893114	1.0
0.869218910585817	1.0
0.8689619732785201	1.0
0.8687050359712231	1.0
0.868448098663926	1.0
0.868191161356629	1.0
0.867934224049332	1.0
0.8676772867420349	1.0
0.8674203494347379	1.0
0.8671634121274409	1.0
0.8669064748201439	1.0
0.8666495375128469	1.0
0.8663926002055499	1.0
0.8661356628982528	1.0
0.8658787255909558	1.0
0.8656217882836588	1.0
0.8653648509763617	1.0
0.8651079136690647	1.0
0.8648509763617678	1.0
0.8645940390544707	1.0
0.8643371017471737	1.0
0.8640801644398767	1.0
0.8638232271325796	1.0
0.8635662898252826	1.0
0.8633093525179856	1.0
0.8630524152106885	1.0
0.8627954779033916	1.0
0.8625385405960946	1.0
0.8622816032887975	1.0
0.8620246659815005	1.0
0.8617677286742035	1.0
0.8615107913669064	1.0
0.8612538540596094	1.0
0.8609969167523125	1.0
0.8607399794450155	1.0
0.8604830421377184	1.0
0.8602261048304214	1.0
0.8599691675231244	1.0
0.8597122302158273	1.0
0.8594552929085303	1.0
0.8591983556012333	1.0
0.8589414182939363	1.0
0.8586844809866393	1.0
0.8584275436793423	1.0
0.8581706063720452	1.0
0.8579136690647482	1.0
0.8576567317574512	1.0
0.8573997944501541	1.0
0.8571428571428571	1.0
0.8568859198355602	1.0
0.8566289825282631	1.0
0.8563720452209661	1.0
0.8561151079136691	1.0
0.855858170606372	1.0
0.855601233299075	1.0
0.855344295991778	1.0
0.8550873586844809	1.0
0.854830421377184	1.0
0.854573484069887	1.0
0.85431654676259	1.0
0.8540596094552929	1.0
0.8538026721479959	1.0
0.8535457348406988	1.0
0.8532887975334018	1.0
0.8530318602261048	1.0
0.8527749229188079	1.0
0.8525179856115108	1.0
0.8522610483042138	1.0
0.8520041109969168	1.0
0.8517471736896197	1.0
0.8514902363823227	1.0
0.8512332990750257	1.0
0.8509763617677287	1.0
0.8507194244604317	1.0
0.8504624871531347	1.0
0.8502055498458376	1.0
0.8499486125385406	1.0
0.8496916752312436	1.0
0.8494347379239465	1.0
0.8491778006166495	1.0
0.8489208633093526	1.0
0.8486639260020555	1.0
0.8484069886947585	1.0
0.8481500513874615	1.0
0.8478931140801644	1.0
0.8476361767728674	1.0
0.8473792394655704	1.0
0.8471223021582733	1.0
0.8468653648509764	1.0
0.8466084275436794	1.0
0.8463514902363823	1.0
0.8460945529290853	1.0
0.8458376156217883	1.0
0.8455806783144912	1.0
0.8453237410071942	1.0
0.8450668036998972	1.0
0.8448098663926003	1.0
0.8445529290853032	1.0
0.8442959917780062	1.0
0.8440390544707091	1.0
0.8437821171634121	1.0
0.8435251798561151	1.0
0.843268242548818	1.0
0.843011305241521	1.0
0.8427543679342241	1.0
0.8424974306269271	1.0
0.84224049331963	1.0
0.841983556012333	1.0
0.841726618705036	1.0
0.8414696813977389	1.0
0.8412127440904419	1.0
0.840955806783145	1.0
0.8406988694758479	1.0
0.8404419321685509	1.0
0.8401849948612539	1.0
0.8399280575539568	1.0
0.8396711202466598	1.0
0.8394141829393628	1.0
0.8391572456320657	1.0
0.8389003083247688	1.0
0.8386433710174718	1.0
0.8383864337101747	1.0
0.8381294964028777	1.0
0.8378725590955807	1.0
0.8376156217882836	1.0
0.8373586844809866	1.0
0.8371017471736896	1.0
0.8368448098663926	1.0
0.8365878725590956	1.0
0.8363309352517986	1.0
0.8360739979445015	1.0
0.8358170606372045	1.0
0.8355601233299075	1.0
0.8353031860226104	1.0
0.8350462487153134	1.0
0.8347893114080165	1.0
0.8345323741007195	1.0
0.8342754367934224	1.0
0.8340184994861254	1.0
0.8337615621788284	1.0
0.8335046248715313	1.0
0.8332476875642343	1.0
0.8329907502569374	1.0
0.8327338129496403	1.0
0.8324768756423433	1.0
0.8322199383350463	1.0
0.8319630010277492	1.0
0.8317060637204522	1.0
0.8314491264131552	1.0
0.8311921891058581	1.0
0.8309352517985612	1.0
0.8306783144912642	1.0
0.8304213771839671	1.0
0.8301644398766701	1.0
0.8299075025693731	1.0
0.829650565262076	1.0
0.829393627954779	1.0
0.829136690647482	1.0
0.828879753340185	1.0
0.828622816032888	1.0
0.828365878725591	1.0
0.8281089414182939	1.0
0.8278520041109969	1.0
0.8275950668036999	1.0
0.8273381294964028	1.0
0.8270811921891058	1.0
0.8268242548818089	1.0
0.8265673175745119	1.0
0.8263103802672148	1.0
0.8260534429599178	1.0
0.8257965056526207	1.0
0.8255395683453237	1.0
0.8252826310380267	1.0
0.8250256937307296	1.0
0.8247687564234327	1.0
0.8245118191161357	1.0
0.8242548818088387	1.0
0.8239979445015416	1.0
0.8237410071942446	1.0
0.8234840698869476	1.0
0.8232271325796505	1.0
0.8229701952723536	1.0
0.8227132579650566	1.0
0.8224563206577595	1.0
0.8221993833504625	1.0
0.8219424460431655	1.0
0.8216855087358684	1.0
0.8214285714285714	1.0
0.8211716341212744	1.0
0.8209146968139774	1.0
0.8206577595066804	1.0
0.8204008221993834	1.0
0.8201438848920863	1.0
0.8198869475847893	1.0
0.8196300102774923	1.0
0.8193730729701952	1.0
0.8191161356628982	1.0
0.8188591983556013	1.0
0.8186022610483042	1.0
0.8183453237410072	1.0
0.8180883864337102	1.0
0.8178314491264131	1.0
0.8175745118191161	1.0
0.8173175745118191	1.0
0.817060637204522	1.0
0.8168036998972251	1.0
0.8165467625899281	1.0
0.816289825282631	1.0
0.816032887975334	1.0
0.815775950668037	1.0
0.81551901336074	1.0
0.8152620760534429	1.0
0.8150051387461459	1.0
0.814748201438849	1.0
0.8144912641315519	1.0
0.8142343268242549	1.0
0.8139773895169579	1.0
0.8137204522096608	1.0
0.8134635149023638	1.0
0.8132065775950668	1.0
0.8129496402877698	1.0
0.8126927029804728	1.0
0.8124357656731758	1.0
0.8121788283658787	1.0
0.8119218910585817	1.0
0.8116649537512847	1.0
0.8114080164439876	1.0
0.8111510791366906	1.0
0.8108941418293937	1.0
0.8106372045220966	1.0
0.8103802672147996	1.0
0.8101233299075026	1.0
0.8098663926002055	1.0
0.8096094552929085	1.0
0.8093525179856115	1.0
0.8090955806783144	1.0
0.8088386433710175	1.0
0.8085817060637205	1.0
0.8083247687564235	1.0
0.8080678314491264	1.0
0.8078108941418294	1.0
0.8075539568345323	1.0
0.8072970195272353	1.0
0.8070400822199383	1.0
0.8067831449126414	1.0
0.8065262076053443	1.0
0.8062692702980473	1.0
0.8060123329907503	1.0
0.8057553956834532	1.0
0.8054984583761562	1.0
0.8052415210688592	1.0
0.8049845837615622	1.0
0.8047276464542652	1.0
0.8044707091469682	1.0
0.8042137718396711	1.0
0.8039568345323741	1.0
0.8036998972250771	1.0
0.80344295991778	1.0
0.803186022610483	1.0
0.8029290853031861	1.0
0.802672147995889	1.0
0.802415210688592	1.0
0.802158273381295	1.0
0.8019013360739979	1.0
0.8016443987667009	1.0
0.8013874614594039	1.0
0.8011305241521068	1.0
0.8008735868448099	1.0
0.8006166495375129	1.0
0.8003597122302158	1.0
0.8001027749229188	1.0
0.7998458376156218	1.0
0.7995889003083247	1.0
0.7993319630010277	1.0
0.7990750256937307	1.0
0.7988180883864338	1.0
0.7985611510791367	1.0
0.7983042137718397	1.0
0.7980472764645427	1.0
0.7977903391572456	1.0
0.7975334018499486	1.0
0.7972764645426516	1.0
0.7970195272353545	1.0
0.7967625899280576	1.0
0.7965056526207606	1.0
0.7962487153134635	1.0
0.7959917780061665	1.0
0.7957348406988695	1.0
0.7954779033915724	1.0
0.7952209660842754	1.0
0.7949640287769785	1.0
0.7947070914696814	1.0
0.7944501541623844	1.0
0.7941932168550874	1.0
0.7939362795477903	1.0
0.7936793422404933	1.0
0.7934224049331963	1.0
0.7931654676258992	1.0
0.7929085303186023	1.0
0.7926515930113053	1.0
0.7923946557040082	1.0
0.7921377183967112	1.0
0.7918807810894142	1.0
0.7916238437821171	1.0
0.7913669064748201	1.0
0.7911099691675231	1.0
0.7908530318602262	1.0
0.7905960945529291	1.0
0.7903391572456321	1.0
0.790082219938335	1.0
0.789825282631038	1.0
0.789568345323741	1.0
0.789311408016444	1.0
0.7890544707091469	1.0
0.78879753340185	1.0
0.788540596094553	1.0
0.7882836587872559	1.0
0.7880267214799589	1.0
0.7877697841726619	1.0
0.7875128468653648	1.0
0.7872559095580678	1.0
0.7869989722507709	1.0
0.7867420349434738	1.0
0.7864850976361768	1.0
0.7862281603288798	1.0
0.7859712230215827	1.0
0.7857142857142857	1.0
0.7854573484069887	1.0
0.7852004110996916	1.0
0.7849434737923947	1.0
0.7846865364850977	1.0
0.7844295991778006	1.0
0.7841726618705036	1.0
0.7839157245632066	1.0
0.7836587872559095	1.0
0.7834018499486125	1.0
0.7831449126413155	1.0
0.7828879753340185	1.0
0.7826310380267215	1.0
0.7823741007194245	1.0
0.7821171634121274	1.0
0.7818602261048304	1.0
0.7816032887975334	1.0
0.7813463514902363	1.0
0.7810894141829393	1.0
0.7808324768756424	1.0
0.7805755395683454	1.0
0.7803186022610483	1.0
0.7800616649537513	1.0
0.7798047276464543	1.0
0.7795477903391572	1.0
0.7792908530318602	1.0
0.7790339157245632	1.0
0.7787769784172662	1.0
0.7785200411099692	1.0
0.7782631038026722	1.0
0.7780061664953751	1.0
0.7777492291880781	1.0
0.7774922918807811	1.0
0.777235354573484	1.0
0.7769784172661871	1.0
0.7767214799588901	1.0
0.776464542651593	1.0
0.776207605344296	1.0
0.775950668036999	1.0
0.7756937307297019	1.0
0.7754367934224049	1.0
0.7751798561151079	1.0
0.774922918807811	1.0
0.7746659815005139	1.0
0.7744090441932169	1.0
0.7741521068859198	1.0
0.7738951695786228	1.0
0.7736382322713258	1.0
0.7733812949640287	1.0
0.7731243576567317	1.0
0.7728674203494348	1.0
0.7726104830421378	1.0
0.7723535457348407	1.0
0.7720966084275437	1.0
0.7718396711202467	1.0
0.7715827338129496	1.0
0.7713257965056526	1.0
0.7710688591983555	1.0
0.7708119218910586	1.0
0.7705549845837616	1.0
0.7702980472764646	1.0
0.7700411099691675	1.0
0.7697841726618705	1.0
0.7695272353545735	1.0
0.7692702980472764	1.0
0.7690133607399794	1.0
0.7687564234326825	1.0
0.7684994861253854	1.0
0.7682425488180884	1.0
0.7679856115107914	1.0
0.7677286742034943	1.0
0.7674717368961973	1.0
0.7672147995889003	1.0
0.7669578622816033	1.0
0.7667009249743063	1.0
0.7664439876670093	1.0
0.7661870503597122	1.0
0.7659301130524152	1.0
0.7656731757451182	1.0
0.7654162384378211	1.0
0.7651593011305241	1.0
0.7649023638232272	1.0
0.7646454265159301	1.0
0.7643884892086331	1.0
0.7641315519013361	1.0
0.763874614594039	1.0
0.763617677286742	1.0
0.763360739979445	1.0
0.763103802672148	1.0
0.762846865364851	1.0
0.762589928057554	1.0
0.762332990750257	1.0
0.7620760534429599	1.0
0.7618191161356629	1.0
0.7615621788283659	1.0
0.7613052415210688	1.0
0.7610483042137718	1.0
0.7607913669064749	1.0
0.7605344295991778	1.0
0.7602774922918808	1.0
0.7600205549845838	1.0
0.7597636176772867	1.0
0.7595066803699897	1.0
0.7592497430626927	1.0
0.7589928057553957	1.0
0.7587358684480987	1.0
0.7584789311408017	1.0
0.7582219938335046	1.0
0.7579650565262076	1.0
0.7577081192189106	1.0
0.7574511819116135	1.0
0.7571942446043165	1.0
0.7569373072970196	1.0
0.7566803699897225	1.0
0.7564234326824255	1.0
0.7561664953751285	1.0
0.7559095580678314	1.0
0.7556526207605344	1.0
0.7553956834532374	1.0
0.7551387461459403	1.0
0.7548818088386434	1.0
0.7546248715313464	1.0
0.7543679342240494	1.0
0.7541109969167523	1.0
0.7538540596094553	1.0
0.7535971223021583	1.0
0.7533401849948612	1.0
0.7530832476875642	1.0
0.7528263103802673	1.0
0.7525693730729702	1.0
0.7523124357656732	1.0
0.7520554984583762	1.0
0.7517985611510791	1.0
0.7515416238437821	1.0
0.7512846865364851	1.0
0.751027749229188	1.0
0.7507708119218911	1.0
0.7505138746145941	1.0
0.750256937307297	1.0
0.75	1.0
0.749743062692703	1.0
0.7494861253854059	1.0
0.7492291880781089	1.0
0.748972250770812	1.0
0.7487153134635149	1.0
0.7484583761562179	1.0
0.7482014388489209	1.0
0.7479445015416238	1.0
0.7476875642343268	1.0
0.7474306269270298	1.0
0.7471736896197327	1.0
0.7469167523124358	1.0
0.7466598150051388	1.0
0.7464028776978417	1.0
0.7461459403905447	1.0
0.7458890030832477	1.0
0.7456320657759506	1.0
0.7453751284686536	1.0
0.7451181911613566	1.0
0.7448612538540597	1.0
0.7446043165467626	1.0
0.7443473792394656	1.0
0.7440904419321686	1.0
0.7438335046248715	1.0
0.7435765673175745	1.0
0.7433196300102775	1.0
0.7430626927029804	1.0
0.7428057553956835	1.0
0.7425488180883865	1.0
0.7422918807810894	1.0
0.7420349434737924	1.0
0.7417780061664954	1.0
0.7415210688591983	1.0
0.7412641315519013	1.0
0.7410071942446043	1.0
0.7407502569373073	1.0
0.7404933196300103	1.0
0.7402363823227133	1.0
0.7399794450154162	1.0
0.7397225077081192	1.0
0.7394655704008222	1.0
0.7392086330935251	1.0
0.7389516957862282	1.0
0.7386947584789312	1.0
0.7384378211716341	1.0
0.7381808838643371	1.0
0.7379239465570401	1.0
0.737667009249743	1.0
0.737410071942446	1.0
0.737153134635149	1.0
0.736896197327852	1.0
0.736639260020555	1.0
0.736382322713258	1.0
0.736125385405961	1.0
0.7358684480986639	1.0
0.7356115107913669	1.0
0.7353545734840699	1.0
0.7350976361767728	1.0
0.7348406988694759	1.0
0.7345837615621789	1.0
0.7343268242548818	1.0
0.7340698869475848	1.0
0.7338129496402878	1.0
0.7335560123329907	1.0
0.7332990750256937	1.0
0.7330421377183967	1.0
0.7327852004110997	1.0
0.7325282631038027	1.0
0.7322713257965057	1.0
0.7320143884892086	1.0
0.7317574511819116	1.0
0.7315005138746146	1.0
0.7312435765673175	1.0
0.7309866392600206	1.0
0.7307297019527236	1.0
0.7304727646454265	1.0
0.7302158273381295	1.0
0.7299588900308325	1.0
0.7297019527235354	1.0
0.7294450154162384	1.0
0.7291880781089414	1.0
0.7289311408016445	1.0
0.7286742034943474	1.0
0.7284172661870504	1.0
0.7281603288797533	1.0
0.7279033915724563	1.0
0.7276464542651593	1.0
0.7273895169578622	1.0
0.7271325796505652	1.0
0.7268756423432683	1.0
0.7266187050359713	1.0
0.7263617677286742	1.0
0.7261048304213772	1.0
0.7258478931140802	1.0
0.7255909558067831	1.0
0.7253340184994861	1.0
0.725077081192189	1.0
0.7248201438848921	1.0
0.7245632065775951	1.0
0.7243062692702981	1.0
0.724049331963001	1.0
0.723792394655704	1.0
0.723535457348407	1.0
0.7232785200411099	1.0
0.7230215827338129	1.0
0.722764645426516	1.0
0.7225077081192189	1.0
0.7222507708119219	1.0
0.7219938335046249	1.0
0.7217368961973278	1.0
0.7214799588900308	1.0
0.7212230215827338	1.0
0.7209660842754368	1.0
0.7207091469681398	1.0
0.7204522096608428	1.0
0.7201952723535457	1.0
0.7199383350462487	1.0
0.7196813977389517	1.0
0.7194244604316546	1.0
0.7191675231243576	1.0
0.7189105858170607	1.0
0.7186536485097637	1.0
0.7183967112024666	1.0
0.7181397738951696	1.0
0.7178828365878726	1.0
0.7176258992805755	1.0
0.7173689619732785	1.0
0.7171120246659815	1.0
0.7168550873586845	1.0
0.7165981500513875	1.0
0.7163412127440905	1.0
0.7160842754367934	1.0
0.7158273381294964	1.0
0.7155704008221994	1.0
0.7153134635149023	1.0
0.7150565262076053	1.0
0.7147995889003084	1.0
0.7145426515930113	1.0
0.7142857142857143	1.0
0.7140287769784173	1.0
0.7137718396711202	1.0
0.7135149023638232	1.0
0.7132579650565262	1.0
0.7130010277492291	1.0
0.7127440904419322	1.0
0.7124871531346352	1.0
0.7122302158273381	1.0
0.7119732785200411	1.0
0.7117163412127441	1.0
0.711459403905447	1.0
0.71120246659815	1.0
0.7109455292908531	1.0
0.710688591983556	1.0
0.710431654676259	1.0
0.710174717368962	1.0
0.709917780061665	1.0
0.7096608427543679	1.0
0.7094039054470709	1.0
0.7091469681397738	1.0
0.7088900308324769	1.0
0.7086330935251799	1.0
0.7083761562178829	1.0
0.7081192189105858	1.0
0.7078622816032888	1.0
0.7076053442959918	1.0
0.7073484069886947	1.0
0.7070914696813977	1.0
0.7068345323741008	1.0
0.7065775950668037	1.0
0.7063206577595067	1.0
0.7060637204522097	1.0
0.7058067831449126	1.0
0.7055498458376156	1.0
0.7052929085303186	1.0
0.7050359712230215	1.0
0.7047790339157246	1.0
0.7045220966084276	1.0
0.7042651593011305	1.0
0.7040082219938335	1.0
0.7037512846865365	1.0
0.7034943473792394	1.0
0.7032374100719424	1.0
0.7029804727646455	1.0
0.7027235354573484	1.0
0.7024665981500514	1.0
0.7022096608427544	1.0
0.7019527235354573	1.0
0.7016957862281603	1.0
0.7014388489208633	1.0
0.7011819116135662	1.0
0.7009249743062693	1.0
0.7006680369989723	1.0
0.7004110996916753	1.0
0.7001541623843782	1.0
0.6998972250770812	1.0
0.6996402877697842	1.0
0.6993833504624871	1.0
0.6991264131551901	1.0
0.6988694758478932	1.0
0.6986125385405961	1.0
0.6983556012332991	1.0
0.6980986639260021	1.0
0.697841726618705	1.0
0.697584789311408	1.0
0.697327852004111	1.0
0.6970709146968139	1.0
0.696813977389517	1.0
0.69655704008222	1.0
0.6963001027749229	1.0
0.6960431654676259	1.0
0.6957862281603289	1.0
0.6955292908530318	1.0
0.6952723535457348	1.0
0.6950154162384378	1.0
0.6947584789311408	1.0
0.6945015416238438	1.0
0.6942446043165468	1.0
0.6939876670092497	1.0
0.6937307297019527	1.0
0.6934737923946557	1.0
0.6932168550873586	1.0
0.6929599177800617	1.0
0.6927029804727647	1.0
0.6924460431654677	1.0
0.6921891058581706	1.0
0.6919321685508736	1.0
0.6916752312435765	1.0
0.6914182939362795	1.0
0.6911613566289825	1.0
0.6909044193216856	1.0
0.6906474820143885	1.0
0.6903905447070915	1.0
0.6901336073997945	1.0
0.6898766700924974	1.0
0.6896197327852004	1.0
0.6893627954779034	1.0
0.6891058581706063	1.0
0.6888489208633094	1.0
0.6885919835560124	1.0
0.6883350462487153	1.0
0.6880781089414183	1.0
0.6878211716341213	1.0
0.6875642343268242	1.0
0.6873072970195272	1.0
0.6870503597122302	1.0
0.6867934224049332	1.0
0.6865364850976362	1.0
0.6862795477903392	1.0
0.6860226104830421	1.0
0.6857656731757451	1.0
0.6855087358684481	1.0
0.685251798561151	1.0
0.6849948612538541	1.0
0.6847379239465571	1.0
0.68448098663926	1.0
0.684224049331963	1.0
0.683967112024666	1.0
0.683710174717369	1.0
0.6834532374100719	1.0
0.6831963001027749	1.0
0.682939362795478	1.0
0.6826824254881809	1.0
0.6824254881808839	1.0
0.6819116135662898	1.0
0.6816546762589928	1.0
0.6813977389516958	1.0
0.6811408016443987	1.0
0.6808838643371018	1.0
0.6806269270298048	1.0
0.6803699897225077	1.0
0.6801130524152107	1.0
0.6798561151079137	1.0
0.6795991778006166	1.0
0.6793422404933196	1.0
0.6790853031860226	1.0
0.6788283658787256	1.0
0.6785714285714286	1.0
0.6783144912641316	1.0
0.6780575539568345	1.0
0.6778006166495375	1.0
0.6775436793422405	1.0
0.6772867420349434	1.0
0.6770298047276464	1.0
0.6767728674203495	1.0
0.6765159301130524	1.0
0.6762589928057554	1.0
0.6760020554984584	1.0
0.6757451181911613	1.0
0.6754881808838643	1.0
0.6752312435765673	1.0
0.6749743062692704	1.0
0.6747173689619733	1.0
0.6744604316546763	1.0
0.6742034943473793	1.0
0.6739465570400822	1.0
0.6736896197327852	1.0
0.6734326824254881	1.0
0.6731757451181911	1.0
0.6729188078108942	1.0
0.6726618705035972	1.0
0.6724049331963001	1.0
0.6721479958890031	1.0
0.6718910585817061	1.0
0.671634121274409	1.0
0.671377183967112	1.0
0.671120246659815	1.0
0.670863309352518	1.0
0.670606372045221	1.0
0.670349434737924	1.0
0.6700924974306269	1.0
0.6698355601233299	1.0
0.6695786228160329	1.0
0.6693216855087358	1.0
0.6690647482014388	1.0
0.6688078108941419	1.0
0.6685508735868448	1.0
0.6682939362795478	1.0
0.6680369989722508	1.0
0.6677800616649537	1.0
0.6675231243576567	1.0
0.6672661870503597	1.0
0.6670092497430626	1.0
0.6667523124357657	1.0
0.6664953751284687	1.0
0.6662384378211716	1.0
0.6659815005138746	1.0
0.6657245632065776	1.0
0.6654676258992805	1.0
0.6652106885919835	1.0
0.6649537512846866	1.0
0.6646968139773896	1.0
0.6644398766700925	1.0
0.6639260020554985	1.0
0.6636690647482014	1.0
0.6634121274409044	1.0
0.6631551901336074	1.0
0.6628982528263104	1.0
0.6626413155190134	1.0
0.6623843782117164	1.0
0.6621274409044193	1.0
0.6618705035971223	1.0
0.6613566289825282	1.0
0.6610996916752312	1.0
0.6608427543679343	1.0
0.6605858170606372	1.0
0.6603288797533402	1.0
0.6600719424460432	1.0
0.6598150051387461	1.0
0.6593011305241521	1.0
0.659044193216855	1.0
0.6587872559095581	1.0
0.658273381294964	1.0
0.658016443987667	1.0
0.65775950668037	1.0
0.6575025693730729	1.0
0.6572456320657759	1.0
0.656988694758479	1.0
0.656731757451182	1.0
0.6564748201438849	1.0
0.6562178828365879	1.0
0.6559609455292909	1.0
0.6557040082219938	1.0
0.6554470709146968	1.0
0.6551901336073997	1.0
0.6549331963001028	1.0
0.6546762589928058	1.0
0.6544193216855088	1.0
0.6541623843782117	1.0
0.6539054470709147	1.0
0.6536485097636177	1.0
0.6533915724563206	1.0
0.6531346351490236	1.0
0.6528776978417267	1.0
0.6526207605344296	1.0
0.6523638232271326	1.0
0.6521068859198356	1.0
0.6518499486125385	1.0
0.6515930113052415	1.0
0.6513360739979445	1.0
0.6510791366906474	1.0
0.6508221993833505	1.0
0.6505652620760535	1.0
0.6503083247687564	1.0
0.6500513874614594	1.0
0.6497944501541624	1.0
0.6492805755395683	1.0
0.6490236382322713	1.0
0.6487667009249743	1.0
0.6485097636176773	1.0
0.6482528263103803	1.0
0.6479958890030832	1.0
0.6477389516957862	1.0
0.6474820143884892	1.0
0.6472250770811921	1.0
0.6469681397738952	1.0
0.6467112024665982	1.0
0.6464542651593012	1.0
0.6461973278520041	1.0
0.6459403905447071	1.0
0.64568345323741	1.0
0.645426515930113	1.0
0.645169578622816	1.0
0.6449126413155191	1.0
0.644655704008222	1.0
0.644398766700925	1.0
0.644141829393628	1.0
0.6438848920863309	1.0
0.6436279547790339	1.0
0.6433710174717369	1.0
0.6431140801644398	1.0
0.6428571428571429	1.0
0.6426002055498459	1.0
0.6423432682425488	1.0
0.6420863309352518	1.0
0.6418293936279548	1.0
0.6415724563206577	1.0
0.6413155190133607	1.0
0.6410585817060637	1.0
0.6408016443987667	1.0
0.6405447070914697	1.0
0.6402877697841727	1.0
0.6400308324768756	1.0
0.6397738951695786	1.0
0.6395169578622816	1.0
0.6392600205549845	1.0
0.6390030832476875	1.0
0.6387461459403906	1.0
0.6384892086330936	1.0
0.6382322713257965	1.0
0.6379753340184995	1.0
0.6377183967112025	1.0
0.6374614594039054	1.0
0.6372045220966084	1.0
0.6369475847893115	1.0
0.6366906474820144	1.0
0.6364337101747174	1.0
0.6361767728674204	1.0
0.6359198355601233	1.0
0.6356628982528263	1.0
0.6354059609455293	1.0
0.6351490236382322	1.0
0.6348920863309353	1.0
0.6346351490236383	1.0
0.6343782117163412	1.0
0.6341212744090442	1.0
0.6338643371017472	1.0
0.6336073997944501	1.0
0.6333504624871531	1.0
0.6330935251798561	1.0
0.6328365878725591	1.0
0.6325796505652621	1.0
0.6323227132579651	1.0
0.632065775950668	1.0
0.631808838643371	1.0
0.631551901336074	1.0
0.6312949640287769	1.0
0.6310380267214799	1.0
0.630781089414183	1.0
0.630524152106886	1.0
0.6302672147995889	1.0
0.6300102774922919	1.0
0.6297533401849948	1.0
0.6294964028776978	1.0
0.6292394655704008	1.0
0.6289825282631039	1.0
0.6287255909558068	1.0
0.6284686536485098	1.0
0.6282117163412128	1.0
0.6279547790339157	1.0
0.6276978417266187	1.0
0.6274409044193217	1.0
0.6271839671120246	1.0
0.6269270298047277	1.0
0.6266700924974307	1.0
0.6264131551901336	1.0
0.6261562178828366	1.0
0.6258992805755396	1.0
0.6256423432682425	1.0
0.6253854059609455	1.0
0.6251284686536485	1.0
0.6248715313463515	1.0
0.6246145940390545	1.0
0.6243576567317575	1.0
0.6241007194244604	1.0
0.6238437821171634	1.0
0.6235868448098664	1.0
0.6233299075025693	1.0
0.6230729701952723	1.0
0.6228160328879754	1.0
0.6223021582733813	1.0
0.6220452209660843	1.0
0.6217882836587872	1.0
0.6215313463514902	1.0
0.6212744090441932	1.0
0.6210174717368961	1.0
0.6207605344295992	1.0
0.6205035971223022	1.0
0.6202466598150052	1.0
0.6199897225077081	1.0
0.6197327852004111	1.0
0.619475847893114	1.0
0.619218910585817	1.0
0.6189619732785201	1.0
0.6187050359712231	1.0
0.618448098663926	1.0
0.618191161356629	1.0
0.617934224049332	1.0
0.6176772867420349	1.0
0.6174203494347379	1.0
0.6171634121274409	1.0
0.6169064748201439	1.0
0.6166495375128469	1.0
0.6163926002055499	1.0
0.6161356628982528	1.0
0.6158787255909558	1.0
0.6156217882836588	1.0
0.6153648509763617	1.0
0.6151079136690647	1.0
0.6148509763617678	1.0
0.6145940390544707	1.0
0.6143371017471737	1.0
0.6140801644398767	1.0
0.6138232271325796	1.0
0.6135662898252826	1.0
0.6133093525179856	1.0
0.6130524152106885	1.0
0.6127954779033916	1.0
0.6125385405960946	1.0
0.6122816032887975	1.0
0.6120246659815005	1.0
0.6117677286742035	1.0
0.6115107913669064	1.0
0.6112538540596094	1.0
0.6109969167523125	1.0
0.6107399794450155	1.0
0.6104830421377184	1.0
0.6102261048304214	1.0
0.6099691675231244	1.0
0.6097122302158273	1.0
0.6094552929085303	1.0
0.6091983556012333	1.0
0.6089414182939363	1.0
0.6086844809866393	1.0
0.6084275436793423	1.0
0.6081706063720452	1.0
0.6079136690647482	1.0
0.6076567317574512	1.0
0.6073997944501541	1.0
0.6071428571428571	1.0
0.6068859198355602	1.0
0.6066289825282631	1.0
0.6063720452209661	1.0
0.6061151079136691	1.0
0.605858170606372	1.0
0.605601233299075	1.0
0.605344295991778	1.0
0.6050873586844809	1.0
0.604830421377184	1.0
0.604573484069887	1.0
0.60431654676259	1.0
0.6040596094552929	1.0
0.6038026721479959	1.0
0.6035457348406988	1.0
0.6032887975334018	1.0
0.6030318602261048	1.0
0.6027749229188079	1.0
0.6025179856115108	1.0
0.6022610483042138	1.0
0.6020041109969168	1.0
0.6017471736896197	1.0
0.6014902363823227	1.0
0.6012332990750257	1.0
0.6009763617677287	1.0
0.6007194244604317	1.0
0.6004624871531347	1.0
0.6002055498458376	1.0
0.5999486125385406	1.0
0.5996916752312436	1.0
0.5994347379239465	1.0
0.5991778006166495	1.0
0.5989208633093526	1.0
0.5986639260020555	1.0
0.5984069886947585	1.0
0.5981500513874615	1.0
0.5978931140801644	1.0
0.5976361767728674	1.0
0.5973792394655704	1.0
0.5971223021582733	1.0
0.5968653648509764	1.0
0.5966084275436794	1.0
0.5963514902363823	1.0
0.5960945529290853	1.0
0.5958376156217883	1.0
0.5955806783144912	1.0
0.5953237410071942	1.0
0.5950668036998972	1.0
0.5948098663926003	1.0
0.5945529290853032	1.0
0.5940390544707091	1.0
0.5937821171634121	1.0
0.5935251798561151	1.0
0.593268242548818	1.0
0.593011305241521	1.0
0.5927543679342241	1.0
0.5924974306269271	1.0
0.59224049331963	1.0
0.591983556012333	1.0
0.591726618705036	1.0
0.5914696813977389	1.0
0.5912127440904419	1.0
0.590955806783145	1.0
0.5906988694758479	1.0
0.5904419321685509	1.0
0.5901849948612539	1.0
0.5899280575539568	1.0
0.5896711202466598	1.0
0.5894141829393628	1.0
0.5891572456320657	1.0
0.5889003083247688	1.0
0.5886433710174718	1.0
0.5883864337101747	1.0
0.5881294964028777	1.0
0.5878725590955807	1.0
0.5876156217882836	1.0
0.5873586844809866	1.0
0.5871017471736896	1.0
0.5868448098663926	1.0
0.5865878725590956	1.0
0.5863309352517986	1.0
0.5860739979445015	1.0
0.5858170606372045	1.0
0.5855601233299075	1.0
0.5853031860226104	1.0
0.5850462487153134	1.0
0.5847893114080165	1.0
0.5845323741007195	1.0
0.5842754367934224	1.0
0.5840184994861254	1.0
0.5837615621788284	1.0
0.5835046248715313	1.0
0.5832476875642343	1.0
0.5829907502569374	1.0
0.5827338129496403	1.0
0.5824768756423433	1.0
0.5822199383350463	1.0
0.5819630010277492	1.0
0.5817060637204522	1.0
0.5814491264131552	1.0
0.5811921891058581	1.0
0.5809352517985612	1.0
0.5806783144912642	1.0
0.5804213771839671	1.0
0.5801644398766701	1.0
0.5799075025693731	1.0
0.579650565262076	1.0
0.579393627954779	1.0
0.579136690647482	1.0
0.578879753340185	1.0
0.578622816032888	1.0
0.578365878725591	1.0
0.5781089414182939	1.0
0.5778520041109969	1.0
0.5775950668036999	1.0
0.5773381294964028	1.0
0.5770811921891058	1.0
0.5768242548818089	1.0
0.5765673175745119	1.0
0.5763103802672148	1.0
0.5760534429599178	1.0
0.5757965056526207	1.0
0.5752826310380267	1.0
0.5750256937307296	1.0
0.5747687564234327	1.0
0.5745118191161357	1.0
0.5742548818088387	1.0
0.5739979445015416	1.0
0.5737410071942446	1.0
0.5734840698869476	1.0
0.5732271325796505	1.0
0.5729701952723536	1.0
0.5727132579650566	1.0
0.5724563206577595	1.0
0.5721993833504625	1.0
0.5719424460431655	1.0
0.5716855087358684	1.0
0.5714285714285714	1.0
0.5711716341212744	1.0
0.5709146968139774	1.0
0.5706577595066804	1.0
0.5704008221993834	1.0
0.5701438848920863	1.0
0.5698869475847893	1.0
0.5696300102774923	1.0
0.5693730729701952	1.0
0.5691161356628982	1.0
0.5688591983556013	1.0
0.5686022610483042	1.0
0.5683453237410072	1.0
0.5680883864337102	1.0
0.5678314491264131	1.0
0.5675745118191161	1.0
0.5673175745118191	1.0
0.567060637204522	1.0
0.5668036998972251	1.0
0.5665467625899281	1.0
0.566289825282631	1.0
0.566032887975334	1.0
0.565775950668037	1.0
0.56551901336074	1.0
0.5652620760534429	1.0
0.5650051387461459	1.0
0.564748201438849	1.0
0.5644912641315519	1.0
0.5642343268242549	1.0
0.5639773895169579	1.0
0.5637204522096608	1.0
0.5634635149023638	1.0
0.5632065775950668	1.0
0.5629496402877698	1.0
0.5626927029804728	1.0
0.5624357656731758	1.0
0.5621788283658787	1.0
0.5619218910585817	1.0
0.5616649537512847	1.0
0.5614080164439876	1.0
0.5611510791366906	1.0
0.5608941418293937	1.0
0.5606372045220966	1.0
0.5603802672147996	1.0
0.5601233299075026	1.0
0.5598663926002055	1.0
0.5596094552929085	1.0
0.5593525179856115	1.0
0.5590955806783144	1.0
0.5588386433710175	1.0
0.5585817060637205	1.0
0.5583247687564235	1.0
0.5580678314491264	1.0
0.5578108941418294	1.0
0.5575539568345323	1.0
0.5572970195272353	1.0
0.5570400822199383	1.0
0.5567831449126414	1.0
0.5565262076053443	1.0
0.5562692702980473	1.0
0.5560123329907503	1.0
0.5557553956834532	1.0
0.5554984583761562	1.0
0.5552415210688592	1.0
0.5549845837615622	1.0
0.5547276464542652	1.0
0.5544707091469682	1.0
0.5542137718396711	1.0
0.5539568345323741	1.0
0.5536998972250771	1.0
0.55344295991778	1.0
0.553186022610483	1.0
0.5529290853031861	1.0
0.552672147995889	1.0
0.552415210688592	1.0
0.552158273381295	1.0
0.5519013360739979	1.0
0.5516443987667009	1.0
0.5513874614594039	1.0
0.5511305241521068	1.0
0.5508735868448099	1.0
0.5506166495375129	1.0
0.5503597122302158	1.0
0.5501027749229188	1.0
0.5498458376156218	1.0
0.5495889003083247	1.0
0.5493319630010277	1.0
0.5490750256937307	1.0
0.5488180883864338	1.0
0.5485611510791367	1.0
0.5483042137718397	1.0
0.5480472764645427	1.0
0.5477903391572456	1.0
0.5475334018499486	1.0
0.5472764645426516	1.0
0.5470195272353545	1.0
0.5467625899280576	1.0
0.5465056526207606	1.0
0.5462487153134635	1.0
0.5459917780061665	1.0
0.5457348406988695	1.0
0.5454779033915724	1.0
0.5452209660842754	1.0
0.5449640287769785	1.0
0.5447070914696814	1.0
0.5444501541623844	1.0
0.5441932168550874	1.0
0.5439362795477903	1.0
0.5436793422404933	1.0
0.5434224049331963	1.0
0.5431654676258992	1.0
0.5429085303186023	1.0
0.5426515930113053	1.0
0.5423946557040082	1.0
0.5421377183967112	1.0
0.5418807810894142	1.0
0.5416238437821171	1.0
0.5413669064748201	1.0
0.5411099691675231	1.0
0.5408530318602262	1.0
0.5405960945529291	1.0
0.5403391572456321	1.0
0.540082219938335	1.0
0.539825282631038	1.0
0.539568345323741	1.0
0.539311408016444	1.0
0.5390544707091469	1.0
0.53879753340185	1.0
0.538540596094553	1.0
0.5382836587872559	1.0
0.5380267214799589	1.0
0.5377697841726619	1.0
0.5375128468653648	1.0
0.5372559095580678	1.0
0.5369989722507709	1.0
0.5367420349434738	1.0
0.5364850976361768	1.0
0.5362281603288798	1.0
0.5359712230215827	1.0
0.5357142857142857	1.0
0.5354573484069887	1.0
0.5352004110996916	1.0
0.5349434737923947	1.0
0.5346865364850977	1.0
0.5344295991778006	1.0
0.5341726618705036	1.0
0.5339157245632066	1.0
0.5336587872559095	1.0
0.5334018499486125	1.0
0.5331449126413155	1.0
0.5328879753340185	1.0
0.5326310380267215	1.0
0.5323741007194245	1.0
0.5321171634121274	1.0
0.5318602261048304	1.0
0.5316032887975334	1.0
0.5313463514902363	1.0
0.5310894141829393	1.0
0.5308324768756424	1.0
0.5305755395683454	1.0
0.5303186022610483	1.0
0.5300616649537513	1.0
0.5298047276464543	1.0
0.5295477903391572	1.0
0.5292908530318602	1.0
0.5290339157245632	1.0
0.5287769784172662	1.0
0.5285200411099692	1.0
0.5282631038026722	1.0
0.5280061664953751	1.0
0.5277492291880781	1.0
0.5274922918807811	1.0
0.527235354573484	1.0
0.5269784172661871	1.0
0.5267214799588901	1.0
0.526464542651593	1.0
0.526207605344296	1.0
0.525950668036999	1.0
0.5256937307297019	1.0
0.5254367934224049	1.0
0.5251798561151079	1.0
0.524922918807811	1.0
0.5246659815005139	1.0
0.5244090441932169	1.0
0.5241521068859198	1.0
0.5238951695786228	1.0
0.5236382322713258	1.0
0.5233812949640287	1.0
0.5231243576567317	1.0
0.5228674203494348	1.0
0.5226104830421378	1.0
0.5223535457348407	1.0
0.5220966084275437	1.0
0.5218396711202467	1.0
0.5215827338129496	1.0
0.5213257965056526	1.0
0.5210688591983555	1.0
0.5208119218910586	1.0
0.5205549845837616	1.0
0.5202980472764646	1.0
0.5200411099691675	1.0
0.5197841726618705	1.0
0.5195272353545735	1.0
0.5192702980472764	1.0
0.5190133607399794	1.0
0.5187564234326825	1.0
0.5184994861253854	1.0
0.5182425488180884	1.0
0.5179856115107914	1.0
0.5177286742034943	1.0
0.5174717368961973	1.0
0.5172147995889003	1.0
0.5169578622816033	1.0
0.5167009249743063	1.0
0.5164439876670093	1.0
0.5161870503597122	1.0
0.5159301130524152	1.0
0.5156731757451182	1.0
0.5154162384378211	1.0
0.5151593011305241	1.0
0.5149023638232272	1.0
0.5146454265159301	1.0
0.5143884892086331	1.0
0.5141315519013361	1.0
0.513874614594039	1.0
0.513617677286742	1.0
0.513360739979445	1.0
0.513103802672148	1.0
0.512846865364851	1.0
0.512589928057554	1.0
0.512332990750257	1.0
0.5120760534429599	1.0
0.5118191161356629	1.0
0.5115621788283659	1.0
0.5113052415210688	1.0
0.5107913669064749	1.0
0.5105344295991778	1.0
0.5102774922918808	1.0
0.5100205549845838	1.0
0.5097636176772867	1.0
0.5095066803699897	1.0
0.5092497430626927	1.0
0.5089928057553957	1.0
0.5087358684480987	1.0
0.5084789311408017	1.0
0.5082219938335046	1.0
0.5079650565262076	1.0
0.5077081192189106	1.0
0.5074511819116135	1.0
0.5071942446043165	1.0
0.5069373072970196	1.0
0.5066803699897225	1.0
0.5064234326824255	1.0
0.5061664953751285	1.0
0.5059095580678314	1.0
0.5056526207605344	1.0
0.5053956834532374	1.0
0.5051387461459403	1.0
0.5048818088386434	1.0
0.5046248715313464	1.0
0.5043679342240494	1.0
0.5041109969167523	1.0
0.5038540596094553	1.0
0.5035971223021583	1.0
0.5033401849948612	1.0
0.5030832476875642	1.0
0.5028263103802673	1.0
0.5025693730729702	1.0
0.5023124357656732	1.0
0.5020554984583762	1.0
0.5015416238437821	1.0
0.5012846865364851	1.0
0.501027749229188	1.0
0.5007708119218911	1.0
0.5005138746145941	1.0
0.500256937307297	1.0
0.5	1.0
0.49974306269270297	1.0
0.499486125385406	1.0
0.49922918807810895	1.0
0.4989722507708119	1.0
0.4987153134635149	1.0
0.4984583761562179	1.0
0.4982014388489209	1.0
0.4976875642343268	1.0
0.49743062692702983	1.0
0.4971736896197328	1.0
0.49691675231243576	1.0
0.4966598150051387	1.0
0.49640287769784175	1.0
0.4961459403905447	1.0
0.4958890030832477	1.0
0.49563206577595065	1.0
0.49537512846865367	1.0
0.49511819116135664	1.0
0.4948612538540596	1.0
0.49460431654676257	1.0
0.4943473792394656	1.0
0.49409044193216856	1.0
0.4938335046248715	1.0
0.4935765673175745	1.0
0.4933196300102775	1.0
0.4930626927029805	1.0
0.49280575539568344	1.0
0.4925488180883864	1.0
0.49229188078108943	1.0
0.49177800616649536	1.0
0.49152106885919833	1.0
0.49126413155190135	1.0
0.4910071942446043	1.0
0.4907502569373073	1.0
0.4904933196300103	1.0
0.49023638232271327	1.0
0.48997944501541624	1.0
0.4897225077081192	1.0
0.4894655704008222	1.0
0.4892086330935252	1.0
0.48895169578622816	1.0
0.4886947584789311	1.0
0.48843782117163415	1.0
0.4881808838643371	1.0
0.4879239465570401	1.0
0.48766700924974304	1.0
0.48741007194244607	1.0
0.48715313463514903	1.0
0.486896197327852	1.0
0.48663926002055496	1.0
0.486382322713258	1.0
0.48612538540596095	1.0
0.4858684480986639	1.0
0.4856115107913669	1.0
0.4853545734840699	1.0
0.4850976361767729	1.0
0.48484069886947584	1.0
0.4845837615621788	1.0
0.4843268242548818	1.0
0.4840698869475848	1.0
0.48381294964028776	1.0
0.4835560123329907	1.0
0.48329907502569375	1.0
0.4830421377183967	1.0
0.4827852004110997	1.0
0.48252826310380265	1.0
0.48227132579650567	1.0
0.48201438848920863	1.0
0.4817574511819116	1.0
0.4812435765673176	1.0
0.48098663926002055	1.0
0.4807297019527235	1.0
0.48047276464542654	1.0
0.4802158273381295	1.0
0.4799588900308325	1.0
0.47970195272353544	1.0
0.47944501541623846	1.0
0.47918807810894143	1.0
0.4789311408016444	1.0
0.47867420349434736	1.0
0.4784172661870504	1.0
0.47816032887975335	1.0
0.4776464542651593	1.0
0.4773895169578623	1.0
0.47713257965056527	1.0
0.47687564234326824	1.0
0.4766187050359712	1.0
0.4763617677286742	1.0
0.4761048304213772	1.0
0.47584789311408016	1.0
0.4755909558067831	1.0
0.47533401849948614	1.0
0.4750770811921891	1.0
0.4748201438848921	1.0
0.47456320657759504	1.0
0.47430626927029806	1.0
0.47404933196300103	1.0
0.473792394655704	1.0
0.47353545734840696	1.0
0.47327852004111	1.0
0.47302158273381295	1.0
0.4727646454265159	1.0
0.4725077081192189	1.0
0.4722507708119219	1.0
0.47199383350462487	1.0
0.47173689619732784	1.0
0.47147995889003086	1.0
0.4712230215827338	1.0
0.4709660842754368	1.0
0.47070914696813976	1.0
0.4704522096608428	1.0
0.47019527235354575	1.0
0.4699383350462487	1.0
0.4696813977389517	1.0
0.4694244604316547	1.0
0.46916752312435767	1.0
0.46891058581706063	1.0
0.4686536485097636	1.0
0.4683967112024666	1.0
0.4681397738951696	1.0
0.46788283658787255	1.0
0.4676258992805755	1.0
0.46736896197327854	1.0
0.4671120246659815	1.0
0.46659815005138744	1.0
0.46634121274409046	1.0
0.4660842754367934	1.0
0.4658273381294964	1.0
0.46557040082219936	1.0
0.4653134635149024	1.0
0.46505652620760535	1.0
0.4647995889003083	1.0
0.4642857142857143	1.0
0.46377183967112023	1.0
0.4635149023638232	1.0
0.4630010277492292	1.0
0.46274409044193215	1.0
0.4624871531346352	1.0
0.46223021582733814	1.0
0.4619732785200411	1.0
0.4617163412127441	1.0
0.4614594039054471	1.0
0.46120246659815006	1.0
0.46094552929085303	1.0
0.460688591983556	1.0
0.460431654676259	1.0
0.460174717368962	1.0
0.45991778006166495	1.0
0.4596608427543679	1.0
0.45940390544707094	1.0
0.4591469681397739	1.0
0.45889003083247687	1.0
0.45837615621788286	1.0
0.4581192189105858	1.0
0.4578622816032888	1.0
0.45760534429599176	1.0
0.4573484069886948	1.0
0.4568345323741007	1.0
0.4563206577595067	1.0
0.45606372045220966	1.0
0.45580678314491263	1.0
0.4555498458376156	1.0
0.4552929085303186	1.0
0.4550359712230216	1.0
0.4545220966084275	1.0
0.45426515930113054	1.0
0.4540082219938335	1.0
0.45375128468653647	1.0
0.4534943473792395	1.0
0.45323741007194246	1.0
0.4529804727646454	1.0
0.4527235354573484	1.0
0.4524665981500514	1.0
0.4522096608427544	1.0
0.45195272353545735	1.0
0.4516957862281603	1.0
0.45143884892086333	1.0
0.4511819116135663	1.0
0.45092497430626927	1.0
0.45066803699897223	1.0
0.45041109969167525	1.0
0.4501541623843782	1.0
0.4498972250770812	1.0
0.44964028776978415	1.0
0.4493833504624872	1.0
0.44912641315519014	1.0
0.4488694758478931	1.0
0.4486125385405961	1.0
0.4483556012332991	1.0
0.44809866392600206	1.0
0.447327852004111	1.0
0.447070914696814	1.0
0.4465570400822199	1.0
0.44630010277492294	1.0
0.4460431654676259	1.0
0.44578622816032887	1.0
0.44527235354573486	1.0
0.4450154162384378	1.0
0.4447584789311408	1.0
0.44450154162384375	1.0
0.4442446043165468	1.0
0.44398766700924974	1.0
0.4437307297019527	1.0
0.44347379239465573	1.0
0.4432168550873587	1.0
0.44295991778006166	1.0
0.44270298047276463	1.0
0.44244604316546765	1.0
0.4419321685508736	1.0
0.44167523124357655	1.0
0.44141829393627957	1.0
0.44116135662898254	1.0
0.4409044193216855	1.0
0.44064748201438847	1.0
0.4403905447070915	1.0
0.44013360739979446	1.0
0.4398766700924974	1.0
0.4396197327852004	1.0
0.4393627954779034	1.0
0.4391058581706064	1.0
0.43884892086330934	1.0
0.4385919835560123	1.0
0.43833504624871533	1.0
0.4380781089414183	1.0
0.43782117163412126	1.0
0.43756423432682423	1.0
0.43730729701952725	1.0
0.4370503597122302	1.0
0.4367934224049332	1.0
0.43653648509763615	1.0
0.4362795477903392	1.0
0.43602261048304214	1.0
0.4357656731757451	1.0
0.43550873586844807	1.0
0.4352517985611511	1.0
0.43499486125385406	1.0
0.43448098663926005	1.0
0.433967112024666	1.0
0.43371017471736895	1.0
0.43345323741007197	1.0
0.43319630010277493	1.0
0.43268242548818087	1.0
0.4324254881808839	1.0
0.43216855087358685	1.0
0.4319116135662898	1.0
0.4313977389516958	1.0
0.4311408016443988	1.0
0.4306269270298047	1.0
0.43036998972250773	1.0
0.4301130524152107	1.0
0.42985611510791366	1.0
0.42934224049331965	1.0
0.4290853031860226	1.0
0.4288283658787256	1.0
0.42857142857142855	1.0
0.42831449126413157	1.0
0.4278006166495375	1.0
0.42754367934224047	1.0
0.4267728674203494	1.0
0.4262589928057554	1.0
0.42523124357656733	1.0
0.42471736896197326	1.0
0.42420349434737925	1.0
0.42317574511819117	1.0
0.42291880781089414	1.0
0.42189105858170606	1.0
0.421634121274409	1.0
0.42137718396711205	1.0
0.421120246659815	1.0
0.420863309352518	1.0
0.42060637204522094	1.0
0.42034943473792397	1.0
0.42009249743062693	1.0
0.4198355601233299	1.0
0.41957862281603286	1.0
0.4193216855087359	1.0
0.41906474820143885	1.0
0.4188078108941418	1.0
0.4185508735868448	1.0
0.4182939362795478	1.0
0.4180369989722508	1.0
0.41778006166495374	1.0
0.4175231243576567	1.0
0.4172661870503597	1.0
0.4170092497430627	1.0
0.41675231243576566	1.0
0.4164953751284687	1.0
0.41623843782117165	1.0
0.4159815005138746	1.0
0.4157245632065776	1.0
0.4154676258992806	1.0
0.41521068859198357	1.0
0.41495375128468653	1.0
0.4146968139773895	1.0
0.4144398766700925	1.0
0.4141829393627955	1.0
0.41392600205549845	1.0
0.4136690647482014	1.0
0.41341212744090444	1.0
0.4131551901336074	1.0
0.4128982528263104	1.0
0.41264131551901334	1.0
0.41238437821171636	1.0
0.41212744090441933	1.0
0.4118705035971223	1.0
0.41161356628982526	1.0
0.4113566289825283	1.0
0.41109969167523125	1.0
0.4105858170606372	1.0
0.4103288797533402	1.0
0.41007194244604317	1.0
0.40981500513874614	1.0
0.4095580678314491	1.0
0.4093011305241521	1.0
0.4090441932168551	1.0
0.40878725590955806	1.0
0.408530318602261	1.0
0.40827338129496404	1.0
0.408016443987667	1.0
0.40775950668037	1.0
0.40750256937307294	1.0
0.40724563206577596	1.0
0.40698869475847893	1.0
0.4067317574511819	1.0
0.4064748201438849	1.0
0.4062178828365879	1.0
0.40596094552929085	1.0
0.4057040082219938	1.0
0.40544707091469684	1.0
0.4051901336073998	1.0
0.40467625899280574	1.0
0.40441932168550876	1.0
0.4041623843782117	1.0
0.4039054470709147	1.0
0.40364850976361766	1.0
0.4033915724563207	1.0
0.40313463514902365	1.0
0.4028776978417266	1.0
0.4026207605344296	1.0
0.4023638232271326	1.0
0.40210688591983557	1.0
0.40184994861253853	1.0
0.4015930113052415	1.0
0.4013360739979445	1.0
0.4010791366906475	1.0
0.40082219938335045	1.0
0.4005652620760534	1.0
0.40030832476875644	1.0
0.4000513874614594	1.0
0.3997944501541624	1.0
0.39953751284686534	1.0
0.39928057553956836	1.0
0.3990236382322713	1.0
0.39850976361767726	1.0
0.3982528263103803	1.0
0.39799588900308325	1.0
0.3977389516957862	1.0
0.39748201438848924	1.0
0.3972250770811922	1.0
0.39696813977389517	1.0
0.39671120246659813	1.0
0.39645426515930116	1.0
0.3961973278520041	1.0
0.3959403905447071	1.0
0.39568345323741005	1.0
0.3954265159301131	1.0
0.39516957862281604	1.0
0.394912641315519	1.0
0.394655704008222	1.0
0.394398766700925	1.0
0.39414182939362796	1.0
0.39388489208633093	1.0
0.3936279547790339	1.0
0.3933710174717369	1.0
0.3931140801644399	1.0
0.39285714285714285	1.0
0.3926002055498458	1.0
0.39234326824254884	1.0
0.3920863309352518	1.0
0.39182939362795477	1.0
0.39157245632065774	1.0
0.39131551901336076	1.0
0.3910585817060637	1.0
0.3908016443987667	1.0
0.39054470709146966	1.0
0.3902877697841727	1.0
0.39003083247687564	1.0
0.3897738951695786	1.0
0.3895169578622816	1.0
0.3892600205549846	1.0
0.38900308324768756	1.0
0.38874614594039053	1.0
0.38848920863309355	1.0
0.3882322713257965	1.0
0.38771839671120245	1.0
0.3874614594039055	1.0
0.38720452209660844	1.0
0.3869475847893114	1.0
0.38669064748201437	1.0
0.3864337101747174	1.0
0.38617677286742036	1.0
0.3859198355601233	1.0
0.3856628982528263	1.0
0.3854059609455293	1.0
0.3851490236382323	1.0
0.38489208633093525	1.0
0.3846351490236382	1.0
0.38437821171634123	1.0
0.3841212744090442	1.0
0.38360739979445013	1.0
0.38335046248715315	1.0
0.3830935251798561	1.0
0.3828365878725591	1.0
0.38257965056526205	1.0
0.3823227132579651	1.0
0.381808838643371	1.0
0.381551901336074	1.0
0.38103802672147996	1.0
0.3807810894141829	1.0
0.3805241521068859	1.0
0.3802672147995889	1.0
0.3800102774922919	1.0
0.37975334018499485	1.0
0.37949640287769787	1.0
0.37923946557040084	1.0
0.3789825282631038	1.0
0.37872559095580677	1.0
0.3784686536485098	1.0
0.37821171634121276	1.0
0.3779547790339157	1.0
0.3776978417266187	1.0
0.3774409044193217	1.0
0.3771839671120247	1.0
0.37692702980472764	1.0
0.3766700924974306	1.0
0.37641315519013363	1.0
0.3761562178828366	1.0
0.37589928057553956	1.0
0.37564234326824253	1.0
0.37538540596094555	1.0
0.3751284686536485	1.0
0.3748715313463515	1.0
0.37461459403905445	1.0
0.37435765673175747	1.0
0.37410071942446044	1.0
0.3738437821171634	1.0
0.37358684480986637	1.0
0.3733299075025694	1.0
0.37307297019527236	1.0
0.3728160328879753	1.0
0.3725590955806783	1.0
0.3723021582733813	1.0
0.3720452209660843	1.0
0.37178828365878724	1.0
0.3715313463514902	1.0
0.37127440904419323	1.0
0.3710174717368962	1.0
0.37076053442959916	1.0
0.37050359712230213	1.0
0.37024665981500515	1.0
0.3699897225077081	1.0
0.3697327852004111	1.0
0.3694758478931141	1.0
0.3692189105858171	1.0
0.36896197327852004	1.0
0.368705035971223	1.0
0.368448098663926	1.0
0.368191161356629	1.0
0.36793422404933196	1.0
0.3676772867420349	1.0
0.3671634121274409	1.0
0.3669064748201439	1.0
0.36664953751284685	1.0
0.36639260020554987	1.0
0.36613566289825283	1.0
0.3658787255909558	1.0
0.36562178828365877	1.0
0.3653648509763618	1.0
0.36510791366906475	1.0
0.3648509763617677	1.0
0.3645940390544707	1.0
0.3643371017471737	1.0
0.3640801644398767	1.0
0.36382322713257964	1.0
0.3635662898252826	1.0
0.36330935251798563	1.0
0.3630524152106886	1.0
0.36279547790339156	1.0
0.3625385405960945	1.0
0.36228160328879755	1.0
0.3620246659815005	1.0
0.3617677286742035	1.0
0.36151079136690645	1.0
0.36125385405960947	1.0
0.36099691675231244	1.0
0.3607399794450154	1.0
0.3604830421377184	1.0
0.3602261048304214	1.0
0.35996916752312436	1.0
0.3597122302158273	1.0
0.35945529290853034	1.0
0.3591983556012333	1.0
0.3589414182939363	1.0
0.35868448098663924	1.0
0.35842754367934226	1.0
0.35817060637204523	1.0
0.3579136690647482	1.0
0.35765673175745116	1.0
0.35714285714285715	1.0
0.3568859198355601	1.0
0.3566289825282631	1.0
0.3563720452209661	1.0
0.35585817060637204	1.0
0.355601233299075	1.0
0.355087358684481	1.0
0.35483042137718396	1.0
0.3545734840698869	1.0
0.35431654676258995	1.0
0.3540596094552929	1.0
0.3538026721479959	1.0
0.35354573484069884	1.0
0.35328879753340187	1.0
0.35303186022610483	1.0
0.3527749229188078	1.0
0.35251798561151076	1.0
0.3522610483042138	1.0
0.35200411099691675	1.0
0.3517471736896197	1.0
0.35149023638232274	1.0
0.3512332990750257	1.0
0.3509763617677287	1.0
0.35071942446043164	1.0
0.35046248715313466	1.0
0.3502055498458376	1.0
0.3499486125385406	1.0
0.34969167523124356	1.0
0.3494347379239466	1.0
0.34917780061664955	1.0
0.3486639260020555	1.0
0.3484069886947585	1.0
0.34789311408016443	1.0
0.3476361767728674	1.0
0.3473792394655704	1.0
0.3471223021582734	1.0
0.34686536485097635	1.0
0.3466084275436793	1.0
0.34635149023638234	1.0
0.3460945529290853	1.0
0.3458376156217883	1.0
0.34558067831449124	1.0
0.34532374100719426	1.0
0.34506680369989723	1.0
0.3448098663926002	1.0
0.34455292908530316	1.0
0.34403905447070915	1.0
0.3437821171634121	1.0
0.3435251798561151	1.0
0.3432682425488181	1.0
0.34301130524152107	1.0
0.34275436793422404	1.0
0.34249743062692706	1.0
0.34224049331963	1.0
0.341983556012333	1.0
0.34172661870503596	1.0
0.341469681397739	1.0
0.34121274409044194	1.0
0.3409558067831449	1.0
0.3406988694758479	1.0
0.3404419321685509	1.0
0.34018499486125386	1.0
0.33992805755395683	1.0
0.3396711202466598	1.0
0.3394141829393628	1.0
0.3391572456320658	1.0
0.33890030832476875	1.0
0.3386433710174717	1.0
0.33838643371017474	1.0
0.3381294964028777	1.0
0.33787255909558067	1.0
0.33761562178828364	1.0
0.33735868448098666	1.0
0.3371017471736896	1.0
0.3368448098663926	1.0
0.33658787255909556	1.0
0.3363309352517986	1.0
0.33607399794450155	1.0
0.3358170606372045	1.0
0.3355601233299075	1.0
0.3353031860226105	1.0
0.33504624871531347	1.0
0.33478931140801643	1.0
0.3345323741007194	1.0
0.3342754367934224	1.0
0.3340184994861254	1.0
0.33376156217882835	1.0
0.3335046248715313	1.0
0.33324768756423434	1.0
0.3329907502569373	1.0
0.3327338129496403	1.0
0.3324768756423433	1.0
0.33221993833504626	1.0
0.3319630010277492	1.0
0.3317060637204522	1.0
0.3314491264131552	1.0
0.3311921891058582	1.0
0.33093525179856115	1.0
0.3306783144912641	1.0
0.33042137718396714	1.0
0.3301644398766701	1.0
0.32990750256937307	1.0
0.32965056526207603	1.0
0.32939362795477906	1.0
0.329136690647482	1.0
0.328879753340185	1.0
0.328365878725591	1.0
0.32810894141829394	1.0
0.3278520041109969	1.0
0.3275950668036999	1.0
0.3273381294964029	1.0
0.32708119218910586	1.0
0.32682425488180883	1.0
0.3265673175745118	1.0
0.3263103802672148	1.0
0.3260534429599178	1.0
0.32579650565262075	1.0
0.3255395683453237	1.0
0.32528263103802674	1.0
0.3250256937307297	1.0
0.32476875642343267	1.0
0.32451181911613564	1.0
0.32425488180883866	1.0
0.3239979445015416	1.0
0.3234840698869476	1.0
0.3232271325796506	1.0
0.32297019527235354	1.0
0.32245632065775953	1.0
0.3221993833504625	1.0
0.32194244604316546	1.0
0.32168550873586843	1.0
0.32142857142857145	1.0
0.3209146968139774	1.0
0.32065775950668035	1.0
0.3204008221993834	1.0
0.32014388489208634	1.0
0.3198869475847893	1.0
0.31963001027749227	1.0
0.3193730729701953	1.0
0.31911613566289826	1.0
0.3188591983556012	1.0
0.3186022610483042	1.0
0.3183453237410072	1.0
0.3180883864337102	1.0
0.31783144912641315	1.0
0.3175745118191161	1.0
0.3170606372045221	1.0
0.31680369989722507	1.0
0.31654676258992803	1.0
0.31628982528263105	1.0
0.316032887975334	1.0
0.315775950668037	1.0
0.31551901336073995	1.0
0.315262076053443	1.0
0.31500513874614594	1.0
0.3147482014388489	1.0
0.31449126413155193	1.0
0.31397738951695786	1.0
0.3137204522096608	1.0
0.31346351490236385	1.0
0.3132065775950668	1.0
0.3129496402877698	1.0
0.31269270298047275	1.0
0.31243576567317577	1.0
0.31217882836587874	1.0
0.3119218910585817	1.0
0.31166495375128467	1.0
0.3114080164439877	1.0
0.31115107913669066	1.0
0.3108941418293936	1.0
0.3106372045220966	1.0
0.3103802672147996	1.0
0.3101233299075026	1.0
0.30986639260020554	1.0
0.3096094552929085	1.0
0.30935251798561153	1.0
0.3090955806783145	1.0
0.30883864337101746	1.0
0.30858170606372043	1.0
0.30832476875642345	1.0
0.3080678314491264	1.0
0.3078108941418294	1.0
0.30755395683453235	1.0
0.30729701952723537	1.0
0.30704008221993834	1.0
0.3067831449126413	1.0
0.30652620760534427	1.0
0.3062692702980473	1.0
0.30601233299075026	1.0
0.3057553956834532	1.0
0.30549845837615625	1.0
0.3052415210688592	1.0
0.3049845837615622	1.0
0.30472764645426514	1.0
0.30447070914696817	1.0
0.30421377183967113	1.0
0.3039568345323741	1.0
0.30369989722507706	1.0
0.3034429599177801	1.0
0.30318602261048305	1.0
0.302929085303186	1.0
0.302672147995889	1.0
0.302415210688592	1.0
0.302158273381295	1.0
0.30190133607399794	1.0
0.3016443987667009	1.0
0.3013874614594039	1.0
0.3011305241521069	1.0
0.30087358684480986	1.0
0.3006166495375128	1.0
0.30035971223021585	1.0
0.3001027749229188	1.0
0.2998458376156218	1.0
0.29958890030832475	1.0
0.29933196300102777	1.0
0.29907502569373073	1.0
0.29856115107913667	1.0
0.2983042137718397	1.0
0.29804727646454265	1.0
0.2975334018499486	1.0
0.2972764645426516	1.0
0.2970195272353546	1.0
0.29676258992805754	1.0
0.2965056526207605	1.0
0.29624871531346353	1.0
0.2959917780061665	1.0
0.29573484069886946	1.0
0.2954779033915725	1.0
0.29522096608427545	1.0
0.2949640287769784	1.0
0.2947070914696814	1.0
0.2944501541623844	1.0
0.29419321685508737	1.0
0.29393627954779034	1.0
0.2936793422404933	1.0
0.2934224049331963	1.0
0.2931654676258993	1.0
0.29290853031860226	1.0
0.2926515930113052	1.0
0.29239465570400824	1.0
0.2921377183967112	1.0
0.2918807810894142	1.0
0.29162384378211714	1.0
0.29136690647482016	1.0
0.29110996916752313	1.0
0.2908530318602261	1.0
0.29059609455292906	1.0
0.2903391572456321	1.0
0.29008221993833505	1.0
0.289825282631038	1.0
0.289568345323741	1.0
0.289311408016444	1.0
0.28905447070914697	1.0
0.28879753340184994	1.0
0.2885405960945529	1.0
0.2882836587872559	1.0
0.2880267214799589	1.0
0.28776978417266186	1.0
0.2875128468653648	1.0
0.28725590955806785	1.0
0.2869989722507708	1.0
0.2867420349434738	1.0
0.2864850976361768	1.0
0.28622816032887977	1.0
0.28597122302158273	1.0
0.2857142857142857	1.0
0.2854573484069887	1.0
0.2852004110996917	1.0
0.28494347379239465	1.0
0.2846865364850976	1.0
0.28442959917780064	1.0
0.2841726618705036	1.0
0.2839157245632066	1.0
0.28365878725590954	1.0
0.28340184994861256	1.0
0.2828879753340185	1.0
0.28263103802672146	1.0
0.2823741007194245	1.0
0.28211716341212745	1.0
0.2818602261048304	1.0
0.2816032887975334	1.0
0.2813463514902364	1.0
0.28108941418293937	1.0
0.28083247687564233	1.0
0.2805755395683453	1.0
0.2803186022610483	1.0
0.2800616649537513	1.0
0.27980472764645425	1.0
0.2795477903391572	1.0
0.27929085303186024	1.0
0.2787769784172662	1.0
0.27852004110996914	1.0
0.27800616649537513	1.0
0.2777492291880781	1.0
0.2774922918807811	1.0
0.2772353545734841	1.0
0.27697841726618705	1.0
0.27672147995889	1.0
0.276207605344296	1.0
0.27595066803699897	1.0
0.27569373072970194	1.0
0.27543679342240496	1.0
0.2751798561151079	1.0
0.2749229188078109	1.0
0.27466598150051386	1.0
0.2744090441932169	1.0
0.27415210688591984	1.0
0.2738951695786228	1.0
0.2736382322713258	1.0
0.2733812949640288	1.0
0.27312435765673176	1.0
0.27286742034943473	1.0
0.2726104830421377	1.0
0.2723535457348407	1.0
0.2720966084275437	1.0
0.27183967112024665	1.0
0.2715827338129496	1.0
0.2710688591983556	1.0
0.27081192189105857	1.0
0.27055498458376154	1.0
0.27029804727646456	1.0
0.2700411099691675	1.0
0.2697841726618705	1.0
0.26952723535457346	1.0
0.2692702980472765	1.0
0.26901336073997945	1.0
0.2687564234326824	1.0
0.2682425488180884	1.0
0.26798561151079137	1.0
0.26772867420349433	1.0
0.26747173689619735	1.0
0.2672147995889003	1.0
0.2669578622816033	1.0
0.26670092497430625	1.0
0.2664439876670093	1.0
0.26618705035971224	1.0
0.2659301130524152	1.0
0.2656731757451182	1.0
0.2654162384378212	1.0
0.26515930113052416	1.0
0.2649023638232271	1.0
0.2646454265159301	1.0
0.2643884892086331	1.0
0.2641315519013361	1.0
0.26387461459403905	1.0
0.263617677286742	1.0
0.26336073997944504	1.0
0.263103802672148	1.0
0.26284686536485097	1.0
0.26258992805755393	1.0
0.26233299075025696	1.0
0.2620760534429599	1.0
0.26156217882836585	1.0
0.2613052415210689	1.0
0.26104830421377184	1.0
0.2607913669064748	1.0
0.2605344295991778	1.0
0.2602774922918808	1.0
0.26002055498458376	1.0
0.2595066803699897	1.0
0.2592497430626927	1.0
0.2589928057553957	1.0
0.25873586844809865	1.0
0.25847893114080167	1.0
0.25822199383350464	1.0
0.2579650565262076	1.0
0.25770811921891057	1.0
0.2574511819116136	1.0
0.25719424460431656	1.0
0.2569373072970195	1.0
0.2566803699897225	1.0
0.2564234326824255	1.0
0.2561664953751285	1.0
0.25590955806783144	1.0
0.2556526207605344	1.0
0.25539568345323743	1.0
0.2551387461459404	1.0
0.25488180883864336	1.0
0.25462487153134633	1.0
0.25436793422404935	1.0
0.2541109969167523	1.0
0.2538540596094553	1.0
0.25359712230215825	1.0
0.2533401849948613	1.0
0.25308324768756424	1.0
0.2528263103802672	1.0
0.25256937307297017	1.0
0.2523124357656732	1.0
0.25205549845837616	1.0
0.2517985611510791	1.0
0.2515416238437821	1.0
0.2512846865364851	1.0
0.2510277492291881	1.0
0.25077081192189105	1.0
0.250513874614594	1.0
0.25025693730729703	1.0
0.25	1.0
0.249743062692703	1.0
0.24948612538540596	1.0
0.24922918807810895	1.0
0.24897225077081192	1.0
0.24871531346351491	1.0
0.24845837615621788	1.0
0.24820143884892087	1.0
0.24794450154162384	1.0
0.24768756423432683	1.0
0.2474306269270298	1.0
0.2471736896197328	1.0
0.24691675231243576	1.0
0.24665981500513876	1.0
0.24640287769784172	1.0
0.24614594039054472	1.0
0.24588900308324768	1.0
0.24537512846865364	1.0
0.24511819116135664	1.0
0.2448612538540596	1.0
0.2446043165467626	1.0
0.24434737923946556	1.0
0.24409044193216856	1.0
0.24383350462487152	1.0
0.24357656731757452	1.0
0.24331963001027748	1.0
0.24280575539568344	1.0
0.24254881808838644	1.0
0.2422918807810894	1.0
0.2420349434737924	1.0
0.24177800616649536	1.0
0.24152106885919836	1.0
0.24126413155190132	1.0
0.24100719424460432	1.0
0.24075025693730728	1.0
0.24049331963001028	1.0
0.24023638232271327	1.0
0.23997944501541624	1.0
0.23972250770811923	1.0
0.2394655704008222	1.0
0.2392086330935252	1.0
0.23895169578622816	1.0
0.23869475847893115	1.0
0.23843782117163412	1.0
0.2381808838643371	1.0
0.23792394655704008	1.0
0.23766700924974307	1.0
0.23741007194244604	1.0
0.23715313463514903	1.0
0.236896197327852	1.0
0.236639260020555	1.0
0.23638232271325796	1.0
0.23612538540596095	1.0
0.23586844809866392	1.0
0.23535457348406988	1.0
0.23509763617677287	1.0
0.23484069886947584	1.0
0.23458376156217883	1.0
0.2343268242548818	1.0
0.2340698869475848	1.0
0.23381294964028776	1.0
0.23355601233299075	1.0
0.23329907502569372	1.0
0.2330421377183967	1.0
0.23278520041109968	1.0
0.23227132579650564	1.0
0.23201438848920863	1.0
0.2317574511819116	1.0
0.2315005138746146	1.0
0.2312435765673176	1.0
0.23098663926002055	1.0
0.23072970195272355	1.0
0.23047276464542651	1.0
0.2302158273381295	1.0
0.22995889003083247	1.0
0.22970195272353547	1.0
0.22944501541623843	1.0
0.22918807810894143	1.0
0.2289311408016444	1.0
0.2286742034943474	1.0
0.22841726618705036	1.0
0.22816032887975335	1.0
0.22790339157245632	1.0
0.2276464542651593	1.0
0.22738951695786228	1.0
0.22713257965056527	1.0
0.22687564234326824	1.0
0.22661870503597123	1.0
0.22584789311408016	1.0
0.22533401849948612	1.0
0.2250770811921891	1.0
0.22482014388489208	1.0
0.22456320657759507	1.0
0.22430626927029804	1.0
0.22404933196300103	1.0
0.223792394655704	1.0
0.223535457348407	1.0
0.22327852004110996	1.0
0.22302158273381295	1.0
0.22276464542651592	1.0
0.2225077081192189	1.0
0.22225077081192188	1.0
0.22199383350462487	1.0
0.22173689619732787	1.0
0.22147995889003083	1.0
0.22122302158273383	1.0
0.2209660842754368	1.0
0.22070914696813979	1.0
0.22019527235354575	1.0
0.2199383350462487	1.0
0.21942446043165467	1.0
0.21916752312435767	1.0
0.21891058581706063	1.0
0.21865364850976363	1.0
0.2183967112024666	1.0
0.2181397738951696	1.0
0.21788283658787255	1.0
0.21762589928057555	1.0
0.21685508735868447	1.0
0.21659815005138747	1.0
0.21634121274409043	1.0
0.21608427543679343	1.0
0.2158273381294964	1.0
0.2155704008221994	1.0
0.21531346351490235	1.0
0.2147995889003083	1.0
0.2145426515930113	1.0
0.21402877697841727	1.0
0.2132579650565262	1.0
0.2130010277492292	1.0
0.21274409044193218	1.0
0.21248715313463515	1.0
0.21223021582733814	1.0
0.2119732785200411	1.0
0.2117163412127441	1.0
0.21145940390544707	1.0
0.21120246659815006	1.0
0.21094552929085303	1.0
0.210431654676259	1.0
0.21017471736896198	1.0
0.20991778006166495	1.0
0.20966084275436794	1.0
0.2094039054470709	1.0
0.20889003083247687	1.0
0.20863309352517986	1.0
0.20837615621788283	1.0
0.20811921891058582	1.0
0.2078622816032888	1.0
0.20760534429599178	1.0
0.20734840698869475	1.0
0.20709146968139774	1.0
0.2068345323741007	1.0
0.2065775950668037	1.0
0.20632065775950667	1.0
0.20606372045220966	1.0
0.20580678314491263	1.0
0.20554984583761562	1.0
0.20503597122302158	1.0
0.20477903391572455	1.0
0.20452209660842754	1.0
0.2042651593011305	1.0
0.2040082219938335	1.0
0.20375128468653647	1.0
0.20349434737923947	1.0
0.20298047276464543	1.0
0.20272353545734842	1.0
0.20220966084275438	1.0
0.20195272353545735	1.0
0.20169578622816034	1.0
0.2014388489208633	1.0
0.2011819116135663	1.0
0.20066803699897226	1.0
0.20041109969167523	1.0
0.20015416238437822	1.0
0.1998972250770812	1.0
0.19964028776978418	1.0
0.19938335046248715	1.0
0.19912641315519014	1.0
0.1988694758478931	1.0
0.19835560123329907	1.0
0.19809866392600206	1.0
0.19784172661870503	1.0
0.19758478931140802	1.0
0.197327852004111	1.0
0.19707091469681398	1.0
0.19681397738951695	1.0
0.19655704008221994	1.0
0.1963001027749229	1.0
0.1960431654676259	1.0
0.19578622816032887	1.0
0.19552929085303186	1.0
0.19527235354573483	1.0
0.1947584789311408	1.0
0.19398766700924974	1.0
0.19373072970195274	1.0
0.1934737923946557	1.0
0.19295991778006166	1.0
0.19270298047276466	1.0
0.19244604316546762	1.0
0.19218910585817062	1.0
0.19193216855087358	1.0
0.19167523124357658	1.0
0.19141829393627954	1.0
0.19116135662898254	1.0
0.1906474820143885	1.0
0.19039054470709146	1.0
0.19013360739979446	1.0
0.18987667009249742	1.0
0.18961973278520042	1.0
0.18936279547790338	1.0
0.18910585817060638	1.0
0.18884892086330934	1.0
0.1883350462487153	1.0
0.1880781089414183	1.0
0.18782117163412126	1.0
0.18756423432682426	1.0
0.18730729701952722	1.0
0.18705035971223022	1.0
0.18679342240493318	1.0
0.18653648509763618	1.0
0.18627954779033915	1.0
0.18602261048304214	1.0
0.1857656731757451	1.0
0.1855087358684481	1.0
0.18525179856115107	1.0
0.18499486125385406	1.0
0.18473792394655705	1.0
0.18448098663926002	1.0
0.18396711202466598	1.0
0.18371017471736897	1.0
0.18345323741007194	1.0
0.1826824254881809	1.0
0.18242548818088386	1.0
0.18191161356628982	1.0
0.18165467625899281	1.0
0.18114080164439877	1.0
0.18088386433710174	1.0
0.18062692702980473	1.0
0.1801130524152107	1.0
0.17959917780061666	1.0
0.17831449126413154	1.0
0.17805755395683454	1.0
0.1778006166495375	1.0
0.17728674203494346	1.0
0.17702980472764646	1.0
0.17677286742034942	1.0
0.17625899280575538	1.0
0.17600205549845838	1.0
0.17574511819116137	1.0
0.17446043165467626	1.0
0.17394655704008222	1.0
0.1736896197327852	1.0
0.17266187050359713	1.0
0.1724049331963001	1.0
0.17163412127440905	1.0
0.17137718396711202	1.0
0.17060637204522097	1.0
0.1698355601233299	1.0
0.16932168550873586	1.0
0.1685508735868448	1.0
0.16778006166495374	1.0
0.1672661870503597	1.0
0.1657245632065776	1.0
0.16546762589928057	1.0
0.16521068859198357	1.0
0.1641829393627955	1.0
0.16366906474820145	1.0
0.16238437821171633	1.0
0.16212744090441933	1.0
0.1618705035971223	1.0
0.16135662898252826	1.0
0.16007194244604317	1.0
0.15981500513874614	1.0
0.1593011305241521	1.0
0.1590441932168551	1.0
0.15724563206577596	1.0
0.15621788283658788	1.0
0.15596094552929085	1.0
0.15570400822199384	1.0
0.1554470709146968	1.0
0.15441932168550873	1.0
0.15416238437821173	1.0
0.15364850976361769	1.0
0.15339157245632065	1.0
0.1526207605344296	1.0
0.15236382322713257	1.0
0.15210688591983557	1.0
0.1513360739979445	1.0
0.1510791366906475	1.0
0.15082219938335045	1.0
0.1503083247687564	1.0
0.14902363823227133	1.0
0.1485097636176773	1.0
0.14825282631038025	1.0
0.14773895169578624	1.0
0.1472250770811922	1.0
0.14696813977389517	1.0
0.14671120246659816	1.0
0.14568345323741008	1.0
0.14542651593011305	1.0
0.14439876670092497	1.0
0.14388489208633093	1.0
0.1433710174717369	1.0
0.1420863309352518	1.0
0.14182939362795477	1.0
0.14105858170606372	1.0
0.14003083247687564	1.0
0.1397738951695786	1.0
0.1395169578622816	1.0
0.13900308324768756	1.0
0.13848920863309352	1.0
0.13823227132579652	1.0
0.13797533401849948	1.0
0.13771839671120248	1.0
0.13746145940390544	1.0
0.13720452209660844	1.0
0.1369475847893114	1.0
0.1366906474820144	1.0
0.13643371017471737	1.0
0.13617677286742036	1.0
0.13591983556012333	1.0
0.13566289825282632	1.0
0.13540596094552929	1.0
0.13514902363823228	1.0
0.13489208633093525	1.0
0.13463514902363824	1.0
0.1343782117163412	1.0
0.1341212744090442	1.0
0.13386433710174717	1.0
0.13360739979445016	1.0
0.13335046248715313	1.0
0.13309352517985612	1.0
0.1328365878725591	1.0
0.13257965056526208	1.0
0.13232271325796505	1.0
0.13206577595066804	1.0
0.131808838643371	1.0
0.131551901336074	1.0
0.13129496402877697	1.0
0.13103802672147996	1.0
0.13052415210688592	1.0
0.1302672147995889	1.0
0.13001027749229188	1.0
0.12923946557040084	1.0
0.1289825282631038	1.0
0.1287255909558068	1.0
0.12769784172661872	1.0
0.12744090441932168	1.0
0.12692702980472764	1.0
0.12589928057553956	1.0
0.12564234326824256	1.0
0.12538540596094552	1.0
0.1248715313463515	1.0
0.12435765673175746	1.0
0.12384378211716342	1.0
0.12307297019527236	1.0
0.12281603288797534	1.0
0.12255909558067832	1.0
0.12153134635149024	1.0
0.1210174717368962	1.0
0.12076053442959918	1.0
0.12024665981500514	1.0
0.11998972250770812	1.0
0.1197327852004111	1.0
0.11947584789311408	1.0
0.11921891058581706	1.0
0.11870503597122302	1.0
0.11767728674203494	1.0
0.11742034943473792	1.0
0.11690647482014388	1.0
0.11664953751284686	1.0
0.11510791366906475	1.0
0.11459403905447071	1.0
0.11408016443987667	1.0
0.11356628982528263	1.0
0.11330935251798561	1.0
0.11279547790339157	1.0
0.11253854059609456	1.0
0.11228160328879754	1.0
0.1117677286742035	1.0
0.11125385405960946	1.0
0.10971223021582734	1.0
0.10945529290853032	1.0
0.10688591983556012	1.0
0.10534429599177801	1.0
0.10457348406988695	1.0
0.10277492291880781	1.0
0.10251798561151079	1.0
0.10174717368961973	1.0
0.10149023638232271	1.0
0.10071942446043165	1.0
0.0999486125385406	1.0
0.09789311408016443	1.0
0.09763617677286741	1.0
0.09455292908530319	1.0
0.09326824254881809	1.0
0.08941418293936279	1.0
0.08787255909558069	1.0
0.08453237410071943	1.0
0.0829907502569373	1.0
0.07605344295991778	1.0
0.07297019527235354	1.0
0.06628982528263104	1.0
0.06372045220966084	1.0
0.05755395683453238	1.0
0.05678314491264132	1.0
0.05549845837615622	1.0
0.05498458376156218	1.0
0.04907502569373073	1.0
0.045734840698869475	1.0
0.040853031860226104	1.0
0.040339157245632064	1.0
0.040082219938335044	1.0
0.039568345323741004	1.0
0.03931140801644399	1.0
0.03905447070914697	1.0
0.03879753340184995	1.0
0.03854059609455293	1.0
0.03828365878725591	1.0
0.03802672147995889	1.0
0.03776978417266187	1.0
0.03751284686536485	1.0
0.03699897225077081	1.0
0.03674203494347379	1.0
0.03571428571428571	1.0
0.03494347379239465	1.0
0.03442959917780062	1.0
0.0341726618705036	1.0
0.03391572456320658	1.0
0.03340184994861254	1.0
0.03314491264131552	1.0
0.03237410071942446	1.0
0.03211716341212744	1.0
0.0316032887975334	1.0
0.030575539568345324	1.0
0.030318602261048305	1.0
0.029804727646454265	1.0
0.029547790339157245	1.0
0.02774922918807811	1.0
0.02697841726618705	1.0
0.026464542651593013	1.0
0.025179856115107913	1.0
0.023124357656731757	1.0
0.022353545734840698	1.0
0.019270298047276466	1.0
0.019013360739979446	1.0
0.01593011305241521	1.0
0.014131551901336074	1.0
0.008221993833504625	1.0
0.006423432682425488	1.0
0.003854059609455293	1.0
0.0033401849948612537	1.0
0.0023124357656731757	1.0
0.0017985611510791368	1.0
0.0010277492291880781	1.0
0.0007708119218910585	1.0
0.0005138746145940391	1.0
0.0	1.0
