# roc_auc["macro"]	0.9998587901078344
fpr	tpr
0.0	0.9046762589928057
0.0005138746145940391	0.9157245632065776
0.0010277492291880781	0.9827852004110997
0.001541623843782117	0.9843268242548818
0.0020554984583761563	0.9984583761562179
0.003083247687564234	0.9987153134635149
0.018499486125385406	0.9989722507708119
0.02723535457348407	0.999229188078109
0.030832476875642344	0.9994861253854059
0.13463514902363824	1.0
0.144912641315519	1.0
0.1459403905447071	1.0
0.14645426515930113	1.0
0.1474820143884892	1.0
0.15878725590955806	1.0
0.15981500513874614	1.0
0.1695786228160329	1.0
0.17060637204522097	1.0
0.34635149023638234	1.0
0.3473792394655704	1.0
0.35868448098663924	1.0
0.3597122302158273	1.0
0.37410071942446044	1.0
0.3751284686536485	1.0
0.45323741007194246	1.0
0.45426515930113054	1.0
0.5549845837615622	1.0
0.5560123329907503	1.0
0.5585817060637205	1.0
0.5596094552929085	1.0
0.5781089414182939	1.0
0.579136690647482	1.0
0.5832476875642343	1.0
0.5842754367934224	1.0
0.5858170606372045	1.0
0.5868448098663926	1.0
0.6022610483042138	1.0
0.6032887975334018	1.0
0.6264131551901336	1.0
0.6274409044193217	1.0
0.6392600205549845	1.0
0.6402877697841727	1.0
0.6449126413155191	1.0
0.6459403905447071	1.0
0.6551901336073997	1.0
0.6562178828365879	1.0
0.6690647482014388	1.0
0.6700924974306269	1.0
0.7410071942446043	1.0
0.7420349434737924	1.0
0.7466598150051388	1.0
0.7482014388489209	1.0
0.7492291880781089	1.0
0.7620760534429599	1.0
0.763103802672148	1.0
0.7718396711202467	1.0
0.7728674203494348	1.0
0.775950668036999	1.0
0.7769784172661871	1.0
0.7795477903391572	1.0
0.7800616649537513	1.0
0.7805755395683454	1.0
0.7810894141829393	1.0
0.7816032887975334	1.0
0.7821171634121274	1.0
0.7826310380267215	1.0
0.7831449126413155	1.0
0.7836587872559095	1.0
0.7846865364850977	1.0
0.7959917780061665	1.0
0.7970195272353545	1.0
0.7975334018499486	1.0
0.7995889003083247	1.0
0.8042137718396711	1.0
0.8052415210688592	1.0
0.8067831449126414	1.0
0.8078108941418294	1.0
0.8134635149023638	1.0
0.8139773895169579	1.0
0.8150051387461459	1.0
0.81551901336074	1.0
0.8206577595066804	1.0
0.8216855087358684	1.0
0.8309352517985612	1.0
0.8319630010277492	1.0
0.84224049331963	1.0
0.843268242548818	1.0
0.8468653648509764	1.0
0.8489208633093526	1.0
0.8530318602261048	1.0
0.8540596094552929	1.0
0.8607399794450155	1.0
0.8617677286742035	1.0
0.8663926002055499	1.0
0.8674203494347379	1.0
0.8689619732785201	1.0
0.869475847893114	1.0
0.8699897225077081	1.0
0.8705035971223022	1.0
0.8710174717368961	1.0
0.8720452209660843	1.0
0.8735868448098664	1.0
0.8746145940390545	1.0
0.8782117163412128	1.0
0.8792394655704008	1.0
0.8848920863309353	1.0
0.8859198355601233	1.0
0.8879753340184995	1.0
0.8895169578622816	1.0
0.8905447070914697	1.0
0.8920863309352518	1.0
0.8931140801644398	1.0
0.894141829393628	1.0
0.895169578622816	1.0
0.8967112024665982	1.0
0.8977389516957862	1.0
0.9039054470709147	1.0
0.9049331963001028	1.0
0.9064748201438849	1.0
0.9075025693730729	1.0
0.908016443987667	1.0
0.909044193216855	1.0
0.9095580678314491	1.0
0.9105858170606372	1.0
0.9121274409044193	1.0
0.9131551901336074	1.0
0.9136690647482014	1.0
0.9157245632065776	1.0
0.920349434737924	1.0
0.921377183967112	1.0
0.9218910585817061	1.0
0.9229188078108942	1.0
0.9234326824254881	1.0
0.9265159301130524	1.0
0.9290853031860226	1.0
0.9301130524152107	1.0
0.9331963001027749	1.0
0.934224049331963	1.0
0.935251798561151	1.0
0.9373072970195272	1.0
0.9383350462487153	1.0
0.9419321685508736	1.0
0.9429599177800617	1.0
0.9445015416238438	1.0
0.9455292908530318	1.0
0.9496402877697842	1.0
0.9506680369989723	1.0
0.9516957862281603	1.0
0.9527235354573484	1.0
0.9537512846865365	1.0
0.9547790339157246	1.0
0.9563206577595067	1.0
0.9588900308324769	1.0
0.959917780061665	1.0
0.960431654676259	1.0
0.961459403905447	1.0
0.9624871531346352	1.0
0.9635149023638232	1.0
0.9707091469681398	1.0
0.9717368961973278	1.0
0.972764645426516	1.0
0.9753340184994861	1.0
0.9763617677286742	1.0
0.9794450154162384	1.0
0.9804727646454265	1.0
0.9815005138746146	1.0
0.9825282631038027	1.0
0.9830421377183967	1.0
0.9835560123329907	1.0
0.9840698869475848	1.0
0.9856115107913669	1.0
0.986639260020555	1.0
0.987667009249743	1.0
0.9897225077081192	1.0
0.9912641315519013	1.0
0.9928057553956835	1.0
0.9938335046248715	1.0
0.9943473792394656	1.0
0.9953751284686536	1.0
0.9958890030832477	1.0
0.9964028776978417	1.0
0.9974306269270298	1.0
1.0	1.0
