# roc_auc["macro"]	0.9999331910187604
fpr	tpr
0.0	0.9036485097636178
0.0005138746145940391	0.9946043165467626
0.0010277492291880781	0.9994861253854059
0.009249743062692703	0.999743062692703
0.04162384378211716	0.999743062692703
0.04265159301130524	0.999743062692703
0.10585817060637205	0.999743062692703
0.10688591983556012	0.999743062692703
0.19167523124357658	1.0
0.3052415210688592	1.0
0.3062692702980473	1.0
0.5231243576567317	1.0
0.5241521068859198	1.0
0.526207605344296	1.0
0.5292908530318602	1.0
0.5308324768756424	1.0
0.5318602261048304	1.0
0.5328879753340185	1.0
0.5339157245632066	1.0
0.5745118191161357	1.0
0.5755395683453237	1.0
0.5842754367934224	1.0
0.5853031860226104	1.0
0.604830421377184	1.0
0.605858170606372	1.0
0.6130524152106885	1.0
0.6140801644398767	1.0
0.6151079136690647	1.0
0.6161356628982528	1.0
0.6197327852004111	1.0
0.6207605344295992	1.0
0.6310380267214799	1.0
0.632065775950668	1.0
0.6402877697841727	1.0
0.6413155190133607	1.0
0.6469681397738952	1.0
0.6479958890030832	1.0
0.6485097636176773	1.0
0.6495375128468653	1.0
0.6526207605344296	1.0
0.6536485097636177	1.0
0.6557040082219938	1.0
0.65775950668037	1.0
0.6587872559095581	1.0
0.6598150051387461	1.0
0.6608427543679343	1.0
0.6618705035971223	1.0
0.6623843782117164	1.0
0.6628982528263104	1.0
0.6634121274409044	1.0
0.6649537512846866	1.0
0.6654676258992805	1.0
0.6664953751284687	1.0
0.6670092497430626	1.0
0.6690647482014388	1.0
0.6695786228160329	1.0
0.671634121274409	1.0
0.6731757451181911	1.0
0.6747173689619733	1.0
0.6757451181911613	1.0
0.6762589928057554	1.0
0.6772867420349434	1.0
0.6793422404933196	1.0
0.6813977389516958	1.0
0.6819116135662898	1.0
0.683967112024666	1.0
0.6860226104830421	1.0
0.6870503597122302	1.0
0.6875642343268242	1.0
0.6891058581706063	1.0
0.6911613566289825	1.0
0.6921891058581706	1.0
0.6937307297019527	1.0
0.6952723535457348	1.0
0.6963001027749229	1.0
0.697327852004111	1.0
0.6983556012332991	1.0
0.7004110996916753	1.0
0.7014388489208633	1.0
0.7019527235354573	1.0
0.7029804727646455	1.0
0.7045220966084276	1.0
0.7060637204522097	1.0
0.7081192189105858	1.0
0.7091469681397738	1.0
0.71120246659815	1.0
0.7127440904419322	1.0
0.7137718396711202	1.0
0.7153134635149023	1.0
0.7168550873586845	1.0
0.7183967112024666	1.0
0.7214799588900308	1.0
0.7225077081192189	1.0
0.723535457348407	1.0
0.724049331963001	1.0
0.725077081192189	1.0
0.736382322713258	1.0
0.737410071942446	1.0
0.7410071942446043	1.0
0.7420349434737924	1.0
0.7451181911613566	1.0
0.7461459403905447	1.0
0.7471736896197327	1.0
0.7487153134635149	1.0
0.749743062692703	1.0
0.7507708119218911	1.0
0.7533401849948612	1.0
0.7548818088386434	1.0
0.7553956834532374	1.0
0.7559095580678314	1.0
0.7569373072970196	1.0
0.7579650565262076	1.0
0.7589928057553957	1.0
0.7600205549845838	1.0
0.7641315519013361	1.0
0.7656731757451182	1.0
0.7672147995889003	1.0
0.7692702980472764	1.0
0.7718396711202467	1.0
0.7723535457348407	1.0
0.7733812949640287	1.0
0.7738951695786228	1.0
0.774922918807811	1.0
0.775950668036999	1.0
0.7769784172661871	1.0
0.7795477903391572	1.0
0.7800616649537513	1.0
0.7821171634121274	1.0
0.7852004110996916	1.0
0.7862281603288798	1.0
0.7872559095580678	1.0
0.78879753340185	1.0
0.789311408016444	1.0
0.789825282631038	1.0
0.7939362795477903	1.0
0.7970195272353545	1.0
0.7985611510791367	1.0
0.7995889003083247	1.0
0.8011305241521068	1.0
0.802672147995889	1.0
0.8036998972250771	1.0
0.8047276464542652	1.0
0.8062692702980473	1.0
0.8088386433710175	1.0
0.8108941418293937	1.0
0.8124357656731758	1.0
0.8150051387461459	1.0
0.817060637204522	1.0
0.8180883864337102	1.0
0.8196300102774923	1.0
0.8232271325796505	1.0
0.8242548818088387	1.0
0.8263103802672148	1.0
0.8304213771839671	1.0
0.8309352517985612	1.0
0.8335046248715313	1.0
0.8355601233299075	1.0
0.8365878725590956	1.0
0.8412127440904419	1.0
0.8453237410071942	1.0
0.8484069886947585	1.0
0.8535457348406988	1.0
0.854573484069887	1.0
0.8581706063720452	1.0
0.8591983556012333	1.0
0.8602261048304214	1.0
0.8648509763617678	1.0
0.8658787255909558	1.0
0.8663926002055499	1.0
0.8699897225077081	1.0
0.8710174717368961	1.0
0.8735868448098664	1.0
0.8792394655704008	1.0
0.8828365878725591	1.0
0.8915724563206577	1.0
0.8977389516957862	1.0
0.8997944501541624	1.0
0.9008221993833505	1.0
0.9028776978417267	1.0
0.9075025693730729	1.0
0.9136690647482014	1.0
0.9182939362795478	1.0
0.9218910585817061	1.0
0.9239465570400822	1.0
0.9249743062692704	1.0
0.9260020554984584	1.0
0.9265159301130524	1.0
0.9280575539568345	1.0
0.9295991778006166	1.0
0.9316546762589928	1.0
0.9321685508735869	1.0
0.9331963001027749	1.0
0.935251798561151	1.0
0.9373072970195272	1.0
0.9378211716341213	1.0
0.9388489208633094	1.0
0.9429599177800617	1.0
0.9445015416238438	1.0
0.9455292908530318	1.0
0.9460431654676259	1.0
0.9470709146968139	1.0
0.9480986639260021	1.0
0.9501541623843782	1.0
0.9516957862281603	1.0
0.9527235354573484	1.0
0.9547790339157246	1.0
0.9568345323741008	1.0
0.9583761562178829	1.0
0.9588900308324769	1.0
0.9594039054470709	1.0
0.9619732785200411	1.0
0.9630010277492291	1.0
0.9645426515930113	1.0
0.9650565262076053	1.0
0.9686536485097637	1.0
0.9712230215827338	1.0
0.9717368961973278	1.0
0.9722507708119219	1.0
0.972764645426516	1.0
0.9743062692702981	1.0
0.9784172661870504	1.0
0.9794450154162384	1.0
0.9815005138746146	1.0
0.9850976361767728	1.0
0.9856115107913669	1.0
0.987153134635149	1.0
0.987667009249743	1.0
0.9881808838643371	1.0
0.9892086330935251	1.0
0.9917780061664954	1.0
0.9922918807810894	1.0
0.9928057553956835	1.0
0.9933196300102775	1.0
0.9938335046248715	1.0
0.9948612538540597	1.0
0.9953751284686536	1.0
0.9974306269270298	1.0
1.0	1.0
