# roc_auc["macro"]	0.9460893111967628
fpr	tpr
0.0	0.31397738951695786
0.0005138746145940391	0.48329907502569375
0.0010277492291880781	0.49717368961973274
0.001541623843782117	0.5172147995889003
0.0020554984583761563	0.525950668036999
0.0025693730729701952	0.5439362795477903
0.003083247687564234	0.5462487153134635
0.0035971223021582736	0.5552415210688592
0.0041109969167523125	0.5562692702980473
0.0046248715313463515	0.5608941418293936
0.0051387461459403904	0.5642343268242549
0.005652620760534429	0.5709146968139773
0.006166495375128468	0.5770811921891059
0.008221993833504625	0.5814858317427691
0.009249743062692703	0.5908823961239171
0.009763617677286743	0.5948098663926003
0.010277492291880781	0.6046468947291146
0.01079136690647482	0.6075466157686096
0.011305241521068859	0.6086477756570254
0.011819116135662899	0.6092350609308472
0.012332990750256937	0.609822346204669
0.012846865364850977	0.6199163118484805
0.013874614594039054	0.622889443547203
0.014902363823227132	0.6258625752459257
0.01593011305241521	0.6275510204081632
0.01644398766700925	0.6291660549111731
0.01695786228160329	0.6343782117163412
0.017471736896197326	0.6370209954485391
0.018499486125385406	0.6394802525326677
0.019013360739979446	0.6426369108794596
0.019527235354573486	0.6434811334605784
0.020041109969167522	0.6448392306562913
0.020554984583761562	0.64568345323741
0.0210688591983556	0.6465276758185288
0.02158273381294964	0.6501982087799149
0.022096608427543678	0.6523271178975187
0.022610483042137718	0.6559976508589047
0.023638232271325797	0.6574291587138452
0.024152106885919837	0.658016443987667
0.024665981500513873	0.6603128211716341
0.025179856115107913	0.6608106372045222
0.025693730729701953	0.6620792651593012
0.026207605344295993	0.6625770811921892
0.02672147995889003	0.6656442702980472
0.02826310380267215	0.6668807810894142
0.02877697841726619	0.6673785971223022
0.029290853031860225	0.6719874100719424
0.029804727646454265	0.6727421634121274
0.030318602261048305	0.6755524152106885
0.030832476875642344	0.6775918550873586
0.03134635149023638	0.6786035457348407
0.03186022610483042	0.6796152363823227
0.03237410071942446	0.6806269270298047
0.0328879753340185	0.6821524922918808
0.03340184994861254	0.6829072456320657
0.03442959917780062	0.6846736896197327
0.03545734840698869	0.6854123843782117
0.03597122302158273	0.6861671377183967
0.03699897225077081	0.6874197070914697
0.03751284686536485	0.6884313977389517
0.03802672147995889	0.6889292137718397
0.03854059609455293	0.6894270298047276
0.03905447070914697	0.6912095323741008
0.039568345323741004	0.6917073484069887
0.040082219938335044	0.6927190390544706
0.040596094552929084	0.6932168550873586
0.04162384378211716	0.696813977389517
0.0421377183967112	0.6991264131551902
0.04265159301130524	0.7019527235354573
0.04316546762589928	0.7052929085303186
0.04367934224049332	0.7070914696813977
0.044193216855087356	0.7073484069886947
0.044707091469681395	0.7096608427543679
0.045220966084275435	0.7117163412127441
0.045734840698869475	0.7130010277492291
0.046248715313463515	0.7147995889003083
0.046762589928057555	0.7178828365878726
0.047276464542651594	0.7209660842754368
0.047790339157245634	0.7219938335046249
0.048304213771839674	0.7230215827338129
0.04881808838643371	0.72327852004111
0.04933196300102775	0.7237923946557041
0.050359712230215826	0.7248201438848921
0.051387461459403906	0.7250770811921892
0.051901336073997946	0.7286742034943474
0.052415210688591986	0.7322713257965057
0.052929085303186026	0.7330421377183967
0.05344295991778006	0.7340698869475848
0.0539568345323741	0.7345837615621789
0.05447070914696814	0.7358684480986639
0.05549845837615622	0.7374100719424461
0.05601233299075026	0.7402363823227133
0.0565262076053443	0.7435765673175745
0.05704008221993834	0.7461459403905447
0.05755395683453238	0.749229188078109
0.05806783144912641	0.749743062692703
0.05858170606372045	0.7515416238437821
0.05909558067831449	0.7535971223021583
0.05960945529290853	0.7538540596094553
0.06012332990750257	0.7543679342240494
0.06063720452209661	0.7548818088386433
0.06115107913669065	0.7556526207605345
0.06166495375128469	0.7559095580678314
0.06217882836587873	0.7577081192189106
0.06269270298047276	0.7584789311408017
0.0632065775950668	0.7592497430626928
0.06372045220966084	0.7595066803699897
0.06474820143884892	0.7605344295991778
0.06526207605344296	0.763617677286742
0.06628982528263104	0.7641315519013361
0.06680369989722508	0.7646454265159301
0.06783144912641316	0.7651593011305242
0.06885919835560124	0.7669578622816033
0.06937307297019528	0.7679856115107914
0.0698869475847893	0.7690133607399794
0.07040082219938334	0.7695272353545735
0.07142857142857142	0.7705549845837616
0.07194244604316546	0.7713257965056526
0.0724563206577595	0.7718396711202467
0.07297019527235354	0.7720966084275437
0.07348406988694758	0.7723535457348407
0.07399794450154162	0.7728674203494348
0.07451181911613566	0.7741521068859198
0.0750256937307297	0.7746659815005139
0.07553956834532374	0.7749229188078108
0.07708119218910586	0.776207605344296
0.07810894141829394	0.7769784172661871
0.07862281603288798	0.7780061664953751
0.07913669064748201	0.7785200411099691
0.07965056526207605	0.7790339157245632
0.08016443987667009	0.7792908530318603
0.08067831449126413	0.7795477903391572
0.08119218910585817	0.7798047276464543
0.08170606372045221	0.7800616649537513
0.08221993833504625	0.7805755395683454
0.08273381294964029	0.7808324768756423
0.08324768756423433	0.7810894141829394
0.0842754367934224	0.7813463514902363
0.08530318602261049	0.7821171634121274
0.08581706063720453	0.7828879753340185
0.08787255909558069	0.7834018499486125
0.08838643371017471	0.7836587872559095
0.08890030832476875	0.7839157245632066
0.08941418293936279	0.7852004110996917
0.09044193216855087	0.7862281603288798
0.09095580678314491	0.7869989722507709
0.09146968139773895	0.7872559095580678
0.09198355601233299	0.7885405960945528
0.09301130524152107	0.78879753340185
0.09403905447070915	0.7893114080164441
0.09455292908530319	0.789568345323741
0.09506680369989723	0.7905960945529291
0.09558067831449127	0.7913669064748201
0.09609455292908531	0.7916238437821173
0.09660842754367935	0.7921377183967112
0.09712230215827339	0.7923946557040082
0.09815005138746145	0.7926515930113052
0.0986639260020555	0.7944501541623844
0.09917780061664953	0.7957348406988695
0.09969167523124357	0.7965056526207606
0.10020554984583761	0.7967625899280575
0.10123329907502569	0.7975334018499486
0.10226104830421377	0.7983042137718397
0.10277492291880781	0.7990750256937307
0.10328879753340185	0.7993319630010278
0.10380267214799589	0.8006166495375129
0.10431654676258993	0.8008735868448098
0.10483042137718397	0.8016443987667009
0.10637204522096609	0.802415210688592
0.10688591983556012	0.8026721479958889
0.10739979445015416	0.8029290853031861
0.1079136690647482	0.803186022610483
0.10894141829393628	0.8034429599177801
0.10945529290853032	0.8049845837615621
0.10996916752312436	0.8057553956834532
0.1104830421377184	0.8060123329907503
0.11099691675231244	0.8065262076053443
0.11151079136690648	0.8070400822199384
0.11202466598150052	0.8072970195272353
0.11253854059609456	0.8080678314491264
0.1130524152106886	0.8090955806783144
0.11356628982528263	0.8101233299075026
0.11408016443987667	0.8103802672147995
0.11459403905447071	0.8108941418293936
0.11510791366906475	0.8114080164439876
0.11613566289825282	0.8119218910585817
0.11664953751284686	0.8121788283658787
0.1171634121274409	0.8132065775950668
0.11767728674203494	0.8134635149023639
0.11819116135662898	0.8144912641315518
0.11870503597122302	0.8150051387461459
0.1197327852004111	0.81551901336074
0.12024665981500514	0.8162898252826309
0.12076053442959918	0.8170606372045222
0.12127440904419322	0.8175745118191161
0.12178828365878726	0.8180883864337102
0.1223021582733813	0.8183453237410072
0.12281603288797534	0.8206577595066804
0.12332990750256938	0.8211716341212744
0.12384378211716342	0.8214285714285714
0.1248715313463515	0.8219424460431655
0.12538540596094552	0.8221993833504625
0.12589928057553956	0.8229701952723536
0.1264131551901336	0.8234840698869476
0.12692702980472764	0.8245118191161356
0.12744090441932168	0.8250256937307296
0.12795477903391572	0.8268242548818088
0.13001027749229188	0.8273381294964028
0.13052415210688592	0.8275950668037
0.13103802672147996	0.828879753340185
0.131551901336074	0.829650565262076
0.13206577595066804	0.8299075025693732
0.13257965056526208	0.8301644398766701
0.13309352517985612	0.830421377183967
0.13360739979445016	0.8327338129496402
0.1341212744090442	0.8332476875642343
0.13566289825282632	0.8342754367934224
0.13617677286742036	0.8345323741007195
0.1366906474820144	0.8350462487153134
0.13720452209660844	0.8355601233299075
0.13771839671120248	0.8363309352517986
0.13874614594039056	0.8381294964028777
0.1397738951695786	0.8383864337101747
0.14028776978417265	0.8401849948612539
0.14131551901336073	0.84224049331963
0.1423432682425488	0.8435251798561152
0.14285714285714285	0.8437821171634121
0.1433710174717369	0.8440390544707091
0.14388489208633093	0.8442959917780062
0.14439876670092497	0.8445529290853031
0.1459403905447071	0.8448098663926003
0.14645426515930113	0.8453237410071943
0.14696813977389517	0.8463514902363823
0.14799588900308325	0.8476361767728674
0.1485097636176773	0.8481500513874615
0.14902363823227133	0.8486639260020555
0.14953751284686537	0.8494347379239466
0.1500513874614594	0.8496916752312436
0.15159301130524153	0.8504624871531347
0.15210688591983557	0.8509763617677286
0.15313463514902365	0.8512332990750257
0.15364850976361769	0.8517471736896197
0.1551901336073998	0.8530318602261049
0.15673175745118192	0.8532887975334018
0.15724563206577596	0.8540596094552929
0.15775950668036998	0.8550873586844809
0.15827338129496402	0.8553442959917781
0.15878725590955806	0.8571428571428572
0.15981500513874614	0.8576567317574512
0.16032887975334018	0.8579136690647482
0.1618705035971223	0.8584275436793423
0.16238437821171633	0.8586844809866393
0.16289825282631037	0.8597122302158273
0.16341212744090441	0.8604830421377184
0.1644398766700925	0.8609969167523124
0.16546762589928057	0.8615107913669064
0.1659815005138746	0.8617677286742035
0.16649537512846865	0.8622816032887975
0.1670092497430627	0.8625385405960946
0.16752312435765673	0.8633093525179856
0.1685508735868448	0.8643371017471737
0.16906474820143885	0.8648509763617678
0.17009249743062693	0.8658787255909559
0.17060637204522097	0.8663926002055498
0.171120246659815	0.8671634121274409
0.17163412127440905	0.867934224049332
0.1721479958890031	0.8687050359712231
0.17266187050359713	0.8689619732785201
0.17317574511819117	0.8699897225077081
0.1747173689619733	0.8702466598150052
0.17523124357656733	0.8707605344295992
0.17574511819116137	0.8712744090441933
0.17625899280575538	0.8717882836587874
0.17677286742034942	0.8728160328879753
0.17728674203494346	0.8733299075025693
0.1778006166495375	0.8748715313463515
0.17882836587872558	0.8756423432682425
0.17934224049331962	0.8758992805755396
0.17985611510791366	0.8761562178828366
0.1803699897225077	0.8766700924974307
0.18088386433710174	0.8774409044193217
0.18191161356628982	0.8779547790339157
0.18242548818088386	0.8782117163412128
0.1829393627954779	0.8789825282631039
0.18345323741007194	0.8797533401849948
0.18396711202466598	0.8800102774922919
0.18448098663926002	0.8802672147995889
0.1855087358684481	0.880524152106886
0.18602261048304214	0.880781089414183
0.18653648509763618	0.881808838643371
0.18705035971223022	0.8825796505652621
0.18756423432682426	0.8843782117163412
0.1880781089414183	0.8848920863309353
0.18910585817060638	0.8856628982528263
0.18961973278520042	0.8859198355601233
0.19013360739979446	0.8866906474820144
0.19116135662898254	0.8872045220966085
0.19167523124357658	0.8879753340184995
0.19218910585817062	0.8892600205549845
0.19373072970195274	0.8910585817060637
0.19424460431654678	0.8920863309352518
0.1947584789311408	0.8931140801644399
0.19527235354573483	0.8933710174717369
0.1963001027749229	0.894398766700925
0.19784172661870503	0.895426515930113
0.19835560123329907	0.89568345323741
0.1988694758478931	0.89568345323741
0.19938335046248715	0.8959403905447071
0.20041109969167523	0.8961973278520041
0.2014388489208633	0.8967112024665982
0.20195272353545735	0.8972250770811923
0.20246659815005139	0.8977389516957863
0.20298047276464543	0.8987667009249742
0.2040082219938335	0.8990236382322714
0.20452209660842754	0.9010791366906474
0.20503597122302158	0.9018499486125385
0.20554984583761562	0.9026207605344296
0.20606372045220966	0.9028776978417266
0.20709146968139774	0.9049331963001028
0.20760534429599178	0.9051901336073997
0.20811921891058582	0.9054470709146969
0.2091469681397739	0.9059609455292909
0.21017471736896198	0.906731757451182
0.21068859198355602	0.907245632065776
0.21120246659815006	0.908016443987667
0.2117163412127441	0.9085303186022611
0.21274409044193218	0.908787255909558
0.2132579650565262	0.9093011305241521
0.21377183967112023	0.9100719424460432
0.21428571428571427	0.9110996916752312
0.21531346351490235	0.9123843782117164
0.2158273381294964	0.9126413155190134
0.21634121274409043	0.9128982528263104
0.21685508735868447	0.9131551901336075
0.2173689619732785	0.9139260020554985
0.21788283658787255	0.9141829393627955
0.21891058581706063	0.9152106885919835
0.22045220966084275	0.9157245632065776
0.2209660842754368	0.9164953751284687
0.22147995889003083	0.9167523124357657
0.2225077081192189	0.9172661870503597
0.22302158273381295	0.9177800616649537
0.223535457348407	0.9182939362795478
0.22404933196300103	0.9188078108941418
0.2250770811921891	0.9198355601233299
0.2261048304213772	0.920863309352518
0.22661870503597123	0.921634121274409
0.22713257965056527	0.9226618705035972
0.22816032887975335	0.9234326824254881
0.2286742034943474	0.9242034943473793
0.22918807810894143	0.9244604316546763
0.22970195272353547	0.9249743062692704
0.2302158273381295	0.9252312435765673
0.23072970195272355	0.9257451181911613
0.2312435765673176	0.9260020554984584
0.2317574511819116	0.9262589928057554
0.23278520041109968	0.9267728674203495
0.23329907502569372	0.9270298047276464
0.23484069886947584	0.9272867420349435
0.23535457348406988	0.9275436793422405
0.23586844809866392	0.9283144912641316
0.236896197327852	0.9288283658787255
0.23741007194244604	0.9293422404933196
0.23792394655704008	0.9301130524152107
0.23843782117163412	0.9303699897225077
0.2394655704008222	0.9306269270298048
0.23997944501541624	0.9313977389516959
0.24049331963001028	0.9316546762589928
0.24152106885919836	0.9321685508735869
0.2420349434737924	0.9334532374100719
0.24254881808838644	0.9342240493319629
0.24306269270298048	0.93448098663926
0.24409044193216856	0.9349948612538541
0.2446043165467626	0.9357656731757451
0.24614594039054472	0.9365364850976361
0.24665981500513876	0.9367934224049332
0.2471736896197328	0.9370503597122302
0.24768756423432683	0.9375642343268242
0.24820143884892087	0.9383350462487153
0.25025693730729703	0.9385919835560124
0.2512846865364851	0.9388489208633093
0.2523124357656732	0.9393627954779034
0.2528263103802672	0.9403905447070915
0.2533401849948613	0.9406474820143885
0.2538540596094553	0.9409044193216856
0.25436793422404935	0.9411613566289825
0.25488180883864336	0.9414182939362796
0.25590955806783144	0.9416752312435765
0.2564234326824255	0.9424460431654677
0.2574511819116136	0.9427029804727647
0.25847893114080167	0.9432168550873588
0.2595066803699897	0.9437307297019527
0.26002055498458376	0.9439876670092497
0.2605344295991778	0.9445015416238438
0.26104830421377184	0.9450154162384379
0.26156217882836585	0.9452723535457348
0.2620760534429599	0.9457862281603289
0.263103802672148	0.9470709146968139
0.263617677286742	0.947841726618705
0.2646454265159301	0.9480986639260021
0.26515930113052416	0.9486125385405961
0.2656731757451182	0.948869475847893
0.26618705035971224	0.9491264131551902
0.26670092497430625	0.9493833504624871
0.27081192189105857	0.9496402877697842
0.2723535457348407	0.9498972250770812
0.2744090441932169	0.9504110996916753
0.27595066803699897	0.9506680369989722
0.27646454265159304	0.9511819116135662
0.2790339157245632	0.9514388489208634
0.2795477903391572	0.9516957862281603
0.2805755395683453	0.9519527235354573
0.28211716341212745	0.9522096608427544
0.28263103802672146	0.9524665981500513
0.2831449126413155	0.9529804727646454
0.2852004110996917	0.9537512846865365
0.28725590955806785	0.9537512846865365
0.2882836587872559	0.9547790339157245
0.289311408016444	0.9553785542994175
0.289825282631038	0.9558067831449126
0.2903391572456321	0.9562350119904077
0.29290853031860226	0.9573484069886947
0.2975334018499486	0.9594341333655765
0.29856115107913667	0.9598976281159946
0.29958890030832475	0.9608749974810068
0.3001027749229188	0.9616206194708099
0.3016443987667009	0.9625727989037342
0.30369989722507706	0.9637567257118675
0.30421377183967113	0.9642454103943736
0.30472764645426514	0.9647340950768797
0.3057553956834532	0.9654545271345949
0.30883864337101746	0.9671019486931464
0.30986639260020554	0.9678223807508615
0.31911613566289826	0.9722507708119219
0.32065775950668035	0.97327852004111
0.32168550873586843	0.974306269270298
0.32476875642343267	0.9761048304213772
0.32528263103802674	0.9766187050359713
0.3263103802672148	0.9771325796505652
0.3278520041109969	0.9779033915724563
0.328365878725591	0.9784172661870503
0.32990750256937307	0.9789311408016443
0.33042137718396714	0.9791880781089415
0.33093525179856115	0.9797019527235354
0.3371017471736896	0.9799588900308325
0.3381294964028777	0.9804727646454265
0.3386433710174717	0.9809866392600206
0.34121274409044194	0.9820143884892086
0.34224049331963	0.9822713257965057
0.34275436793422404	0.9825282631038027
0.3437821171634121	0.9827852004110997
0.3442959917780062	0.9830421377183967
0.34686536485097635	0.9832990750256938
0.3473792394655704	0.9835560123329907
0.3484069886947585	0.9838129496402878
0.3494347379239466	0.9840698869475848
0.3617677286742035	0.9843268242548817
0.36228160328879755	0.9845837615621789
0.36382322713257964	0.9850976361767729
0.3643371017471737	0.9853545734840699
0.3669064748201439	0.9856115107913669
0.36793422404933196	0.9858684480986639
0.36896197327852004	0.986125385405961
0.3699897225077081	0.986639260020555
0.37410071942446044	0.986896197327852
0.3751284686536485	0.9874100719424461
0.37872559095580677	0.987667009249743
0.3823227132579651	0.9879239465570401
0.38335046248715315	0.9881808838643371
0.3874614594039055	0.9884378211716341
0.39414182939362796	0.9886947584789312
0.3961973278520041	0.9889516957862282
0.39671120246659813	0.9892086330935252
0.3972250770811922	0.9894655704008222
0.40184994861253853	0.9897225077081193
0.4023638232271326	0.9899794450154162
0.40441932168550876	0.9902363823227133
0.40750256937307294	0.9904933196300103
0.408016443987667	0.9907502569373072
0.408530318602261	0.9910071942446044
0.41212744090441933	0.9912641315519013
0.4131551901336074	0.9915210688591983
0.4136690647482014	0.9915210688591983
0.42189105858170606	0.9917780061664954
0.4239465570400822	0.9920349434737924
0.42857142857142855	0.9922918807810894
0.434224049331963	0.9925488180883864
0.4357656731757451	0.9928057553956835
0.4403905447070915	0.9935765673175745
0.4578622816032888	0.9938335046248715
0.45889003083247687	0.9940904419321686
0.45991778006166495	0.9946043165467626
0.46659815005138744	0.9948612538540595
0.4907502569373073	0.9951181911613567
0.5005138746145941	0.9953751284686536
0.5061664953751285	0.9956320657759506
0.5066803699897225	0.9958890030832477
0.5159301130524152	0.9961459403905447
0.5169578622816033	0.9969167523124358
0.527235354573484	0.9971736896197327
0.539568345323741	0.9974306269270299
0.5436793422404933	0.9976875642343268
0.5452209660842754	0.9982014388489209
0.5585817060637205	0.9984583761562179
0.5616649537512847	0.9987153134635149
0.5770811921891058	0.9989722507708119
0.5976361767728674	0.999229188078109
0.6109969167523125	0.9994861253854059
0.6289825282631039	0.999743062692703
0.736382322713258	0.999743062692703
0.737410071942446	0.999743062692703
0.7410071942446043	0.999743062692703
0.7420349434737924	0.999743062692703
0.8278520041109969	0.999743062692703
0.828879753340185	0.999743062692703
0.8525179856115108	0.999743062692703
0.8535457348406988	0.999743062692703
0.8607399794450155	0.999743062692703
0.8617677286742035	0.999743062692703
0.9619732785200411	0.999743062692703
0.9630010277492291	0.999743062692703
0.9645426515930113	1.0
0.9773895169578622	1.0
0.9784172661870504	1.0
0.9835560123329907	1.0
0.9840698869475848	1.0
0.9845837615621789	1.0
0.9850976361767728	1.0
0.9856115107913669	1.0
0.986639260020555	1.0
0.987153134635149	1.0
0.987667009249743	1.0
0.9881808838643371	1.0
0.9897225077081192	1.0
0.9907502569373073	1.0
0.9922918807810894	1.0
0.9933196300102775	1.0
0.9938335046248715	1.0
0.9953751284686536	1.0
0.9958890030832477	1.0
0.9969167523124358	1.0
0.9979445015416238	1.0
0.998972250770812	1.0
1.0	1.0
