# roc_auc["macro"]	0.9998197081741448
fpr	tpr
0.0	0.7921377183967112
0.0005138746145940391	0.9912641315519013
0.0010277492291880781	0.9915210688591984
0.001541623843782117	0.9930626927029804
0.0020554984583761563	0.9958890030832477
0.003083247687564234	0.9984583761562179
0.0051387461459403904	0.9989722507708119
0.011819116135662899	0.999229188078109
0.013874614594039054	0.9994861253854059
0.014388489208633094	0.999743062692703
0.28725590955806785	0.999743062692703
0.2882836587872559	0.999743062692703
0.33658787255909556	0.999743062692703
0.33761562178828364	0.999743062692703
0.3751284686536485	0.999743062692703
0.3761562178828366	0.999743062692703
0.37821171634121276	0.999743062692703
0.37923946557040084	0.999743062692703
0.3823227132579651	0.999743062692703
0.38335046248715315	0.999743062692703
0.3879753340184995	0.999743062692703
0.38900308324768756	0.999743062692703
0.3920863309352518	0.999743062692703
0.3931140801644399	0.999743062692703
0.39414182939362796	0.999743062692703
0.39516957862281604	0.999743062692703
0.39671120246659813	0.999743062692703
0.3977389516957862	0.999743062692703
0.41212744090441933	1.0
0.4172661870503597	1.0
0.4182939362795478	1.0
0.4265159301130524	1.0
0.42754367934224047	1.0
0.43782117163412126	1.0
0.43884892086330934	1.0
0.44398766700924974	1.0
0.4450154162384378	1.0
0.44809866392600206	1.0
0.44912641315519014	1.0
0.4527235354573484	1.0
0.45375128468653647	1.0
0.4578622816032888	1.0
0.45889003083247687	1.0
0.4619732785200411	1.0
0.4630010277492292	1.0
0.5102774922918808	1.0
0.5113052415210688	1.0
0.5220966084275437	1.0
0.5231243576567317	1.0
0.5724563206577595	1.0
0.5734840698869476	1.0
0.5842754367934224	1.0
0.5853031860226104	1.0
0.5924974306269271	1.0
0.5935251798561151	1.0
0.6161356628982528	1.0
0.6171634121274409	1.0
0.6187050359712231	1.0
0.6207605344295992	1.0
0.6217882836587872	1.0
0.6228160328879754	1.0
0.6238437821171634	1.0
0.6253854059609455	1.0
0.6269270298047277	1.0
0.6279547790339157	1.0
0.630524152106886	1.0
0.6310380267214799	1.0
0.631551901336074	1.0
0.632065775950668	1.0
0.6325796505652621	1.0
0.6336073997944501	1.0
0.6346351490236383	1.0
0.6356628982528263	1.0
0.6382322713257965	1.0
0.6392600205549845	1.0
0.6402877697841727	1.0
0.6413155190133607	1.0
0.6423432682425488	1.0
0.6438848920863309	1.0
0.6449126413155191	1.0
0.6459403905447071	1.0
0.6469681397738952	1.0
0.6474820143884892	1.0
0.6495375128468653	1.0
0.6505652620760535	1.0
0.6521068859198356	1.0
0.65775950668037	1.0
0.6587872559095581	1.0
0.6593011305241521	1.0
0.6603288797533402	1.0
0.6634121274409044	1.0
0.6644398766700925	1.0
0.6654676258992805	1.0
0.6664953751284687	1.0
0.6731757451181911	1.0
0.6742034943473793	1.0
0.6757451181911613	1.0
0.6788283658787256	1.0
0.683967112024666	1.0
0.6849948612538541	1.0
0.6870503597122302	1.0
0.6911613566289825	1.0
0.6921891058581706	1.0
0.6957862281603289	1.0
0.696813977389517	1.0
0.7014388489208633	1.0
0.7024665981500514	1.0
0.7040082219938335	1.0
0.7050359712230215	1.0
0.7055498458376156	1.0
0.7065775950668037	1.0
0.7081192189105858	1.0
0.7127440904419322	1.0
0.7142857142857143	1.0
0.7147995889003084	1.0
0.7153134635149023	1.0
0.7158273381294964	1.0
0.7163412127440905	1.0
0.7173689619732785	1.0
0.7214799588900308	1.0
0.723535457348407	1.0
0.7312435765673175	1.0
0.7322713257965057	1.0
0.7353545734840699	1.0
0.737410071942446	1.0
0.7404933196300103	1.0
0.7415210688591983	1.0
0.7574511819116135	1.0
0.7584789311408017	1.0
0.7656731757451182	1.0
0.7667009249743063	1.0
0.7774922918807811	1.0
0.7785200411099692	1.0
0.7857142857142857	1.0
0.7867420349434738	1.0
0.7882836587872559	1.0
0.789311408016444	1.0
0.7903391572456321	1.0
0.7913669064748201	1.0
0.7944501541623844	1.0
0.7954779033915724	1.0
0.7965056526207606	1.0
0.7975334018499486	1.0
0.7995889003083247	1.0
0.8006166495375129	1.0
0.8052415210688592	1.0
0.8062692702980473	1.0
0.8067831449126414	1.0
0.8078108941418294	1.0
0.8083247687564235	1.0
0.8093525179856115	1.0
0.8108941418293937	1.0
0.8150051387461459	1.0
0.817060637204522	1.0
0.8175745118191161	1.0
0.8196300102774923	1.0
0.8242548818088387	1.0
0.8247687564234327	1.0
0.828365878725591	1.0
0.8350462487153134	1.0
0.8473792394655704	1.0
0.8597122302158273	1.0
0.8607399794450155	1.0
0.8735868448098664	1.0
0.8741007194244604	1.0
0.8746145940390545	1.0
0.8771839671120246	1.0
0.8782117163412128	1.0
0.880781089414183	1.0
0.881808838643371	1.0
0.8838643371017472	1.0
0.8848920863309353	1.0
0.8854059609455293	1.0
0.8864337101747174	1.0
0.8874614594039054	1.0
0.8879753340184995	1.0
0.8895169578622816	1.0
0.8905447070914697	1.0
0.8915724563206577	1.0
0.8926002055498459	1.0
0.894655704008222	1.0
0.895169578622816	1.0
0.8972250770811921	1.0
0.9008221993833505	1.0
0.9018499486125385	1.0
0.9064748201438849	1.0
0.9075025693730729	1.0
0.9085303186022611	1.0
0.9095580678314491	1.0
0.9126413155190134	1.0
0.9136690647482014	1.0
0.9167523124357657	1.0
0.9177800616649537	1.0
0.9188078108941419	1.0
0.920349434737924	1.0
0.9224049331963001	1.0
0.9229188078108942	1.0
0.9239465570400822	1.0
0.9254881808838643	1.0
0.9265159301130524	1.0
0.9290853031860226	1.0
0.9301130524152107	1.0
0.9306269270298048	1.0
0.9316546762589928	1.0
0.9326824254881809	1.0
0.933710174717369	1.0
0.9362795477903392	1.0
0.9373072970195272	1.0
0.9383350462487153	1.0
0.9429599177800617	1.0
0.9439876670092497	1.0
0.9455292908530318	1.0
0.94655704008222	1.0
0.9486125385405961	1.0
0.9496402877697842	1.0
0.9522096608427544	1.0
0.9532374100719424	1.0
0.9547790339157246	1.0
0.9552929085303186	1.0
0.9558067831449126	1.0
0.9563206577595067	1.0
0.9594039054470709	1.0
0.960431654676259	1.0
0.961459403905447	1.0
0.9619732785200411	1.0
0.9624871531346352	1.0
0.9630010277492291	1.0
0.9640287769784173	1.0
0.9650565262076053	1.0
0.9660842754367934	1.0
0.9665981500513875	1.0
0.9671120246659815	1.0
0.9676258992805755	1.0
0.9681397738951696	1.0
0.9696813977389517	1.0
0.9707091469681398	1.0
0.9712230215827338	1.0
0.9717368961973278	1.0
0.9722507708119219	1.0
0.9732785200411099	1.0
0.973792394655704	1.0
0.9743062692702981	1.0
0.9748201438848921	1.0
0.9753340184994861	1.0
0.9763617677286742	1.0
0.9768756423432683	1.0
0.9779033915724563	1.0
0.9789311408016445	1.0
0.9820143884892086	1.0
0.9830421377183967	1.0
0.9840698869475848	1.0
0.9845837615621789	1.0
0.9850976361767728	1.0
0.9856115107913669	1.0
0.986125385405961	1.0
0.9881808838643371	1.0
0.9892086330935251	1.0
0.9907502569373073	1.0
0.9917780061664954	1.0
0.9922918807810894	1.0
0.9933196300102775	1.0
0.9943473792394656	1.0
0.9974306269270298	1.0
0.9979445015416238	1.0
0.9984583761562179	1.0
0.9994861253854059	1.0
1.0	1.0
