# roc_auc["macro"]	0.9979089845140479
fpr	tpr
0.0	0.1564748201438849
0.0005138746145940391	0.6801130524152107
0.0010277492291880781	0.7456320657759506
0.001541623843782117	0.8044707091469682
0.0020554984583761563	0.8576567317574512
0.0025693730729701952	0.8656217882836588
0.003083247687564234	0.9082733812949639
0.0035971223021582736	0.9213771839671121
0.0041109969167523125	0.9463001027749229
0.0046248715313463515	0.9537512846865365
0.0051387461459403904	0.959146968139774
0.005652620760534429	0.9606885919835559
0.006166495375128468	0.9647995889003083
0.006680369989722507	0.9689105858170606
0.007194244604316547	0.9797019527235356
0.007708119218910586	0.9817574511819116
0.008221993833504625	0.9832990750256938
0.008735868448098663	0.9853545734840699
0.009249743062692703	0.986639260020555
0.009763617677286743	0.987410071942446
0.010277492291880781	0.988437821171634
0.01079136690647482	0.9897225077081192
0.011305241521068859	0.9899794450154162
0.012332990750256937	0.9902363823227133
0.013360739979445015	0.9907502569373072
0.014902363823227132	0.9910071942446044
0.015416238437821172	0.9915210688591983
0.01644398766700925	0.9917780061664954
0.017471736896197326	0.9920349434737924
0.017985611510791366	0.9928057553956835
0.019527235354573486	0.9930626927029804
0.023124357656731757	0.9933196300102776
0.024665981500513873	0.9938335046248716
0.02877697841726619	0.9940904419321686
0.030832476875642344	0.9943473792394656
0.03391572456320658	0.9946043165467626
0.044193216855087356	0.9948612538540595
0.046762589928057555	0.9951181911613567
0.04933196300102775	0.9953751284686536
0.050359712230215826	0.9956320657759506
0.052415210688591986	0.9958890030832477
0.0539568345323741	0.9961459403905447
0.05601233299075026	0.9964028776978417
0.0565262076053443	0.9966598150051388
0.06372045220966084	0.9969167523124358
0.06937307297019528	0.9971736896197327
0.07656731757451182	0.9974306269270299
0.10328879753340185	0.9976875642343268
0.12384378211716342	0.9979445015416238
0.13720452209660844	0.9982014388489209
0.22045220966084275	0.9984583761562178
0.2343268242548818	0.9987153134635149
0.28263103802672146	0.9987153134635149
0.2852004110996917	0.9987153134635149
0.28622816032887977	0.9987153134635149
0.2908530318602261	0.9987153134635149
0.2944501541623844	0.9987153134635149
0.2965056526207605	0.9987153134635149
0.3001027749229188	0.9987153134635149
0.30318602261048305	0.9987153134635149
0.3057553956834532	0.9987153134635149
0.30935251798561153	0.9987153134635149
0.31397738951695786	0.9987153134635149
0.3175745118191161	0.9987153134635149
0.3221993833504625	0.9987153134635149
0.32425488180883866	0.9987153134635149
0.3278520041109969	0.9987153134635149
0.33093525179856115	0.9987153134635149
0.3335046248715313	0.9987153134635149
0.3386433710174717	0.9989722507708119
0.3396711202466598	0.9989722507708119
0.34018499486125386	0.9989722507708119
0.3442959917780062	0.9989722507708119
0.3458376156217883	0.9989722507708119
0.34635149023638234	0.9989722507708119
0.34789311408016443	0.9989722507708119
0.3484069886947585	0.9989722507708119
0.3494347379239466	0.9989722507708119
0.43884892086330934	0.999229188078109
0.539568345323741	0.9994861253854059
0.5991778006166495	0.9994861253854059
0.6002055498458376	0.9994861253854059
0.6366906474820144	0.9994861253854059
0.6377183967112025	0.9994861253854059
0.7127440904419322	0.9994861253854059
0.7137718396711202	0.9994861253854059
0.7435765673175745	0.9994861253854059
0.7446043165467626	0.9994861253854059
0.7723535457348407	0.9994861253854059
0.7733812949640287	0.9994861253854059
0.8072970195272353	0.999743062692703
0.8134635149023638	0.999743062692703
0.8139773895169579	0.999743062692703
0.8144912641315519	0.999743062692703
0.8150051387461459	0.999743062692703
0.8211716341212744	0.999743062692703
0.8221993833504625	0.999743062692703
0.8299075025693731	0.999743062692703
0.8319630010277492	0.999743062692703
0.8448098663926003	0.999743062692703
0.8458376156217883	0.999743062692703
0.8607399794450155	0.999743062692703
0.8617677286742035	0.999743062692703
0.8802672147995889	1.0
0.8828365878725591	1.0
0.8838643371017472	1.0
0.8982528263103803	1.0
0.8992805755395683	1.0
0.9085303186022611	1.0
0.9095580678314491	1.0
0.9146968139773896	1.0
0.9157245632065776	1.0
0.9188078108941419	1.0
0.9198355601233299	1.0
0.9218910585817061	1.0
0.9229188078108942	1.0
0.9522096608427544	1.0
0.9532374100719424	1.0
0.9594039054470709	1.0
0.960431654676259	1.0
0.9671120246659815	1.0
0.9681397738951696	1.0
0.9773895169578622	1.0
0.9784172661870504	1.0
0.9804727646454265	1.0
0.9815005138746146	1.0
0.9840698869475848	1.0
0.9850976361767728	1.0
1.0	1.0
