# roc_auc["macro"]	0.9992983076466442
fpr	tpr
0.0	0.5141315519013361
0.0005138746145940391	0.6785714285714286
0.0010277492291880781	0.9979445015416238
0.0020554984583761563	0.9987153134635149
0.0025693730729701952	0.998972250770812
0.003083247687564234	0.999229188078109
0.022096608427543678	0.9994861253854059
0.13823227132579652	0.9994861253854059
0.13926002055498457	0.9994861253854059
0.1932168550873587	0.9994861253854059
0.19424460431654678	0.9994861253854059
0.20298047276464543	0.9994861253854059
0.2040082219938335	0.9994861253854059
0.28263103802672146	0.9994861253854059
0.28365878725590954	0.9994861253854059
0.2852004110996917	0.9994861253854059
0.28622816032887977	0.9994861253854059
0.28725590955806785	0.9994861253854059
0.2882836587872559	0.9994861253854059
0.2970195272353546	0.9994861253854059
0.29804727646454265	0.9994861253854059
0.30883864337101746	0.9994861253854059
0.30986639260020554	0.9994861253854059
0.3694758478931141	0.9994861253854059
0.37050359712230213	0.9994861253854059
0.41264131551901334	0.9994861253854059
0.4136690647482014	0.9994861253854059
0.4989722507708119	0.9994861253854059
0.5	0.9994861253854059
0.5030832476875642	0.9994861253854059
0.5041109969167523	0.9994861253854059
0.5051387461459403	0.9994861253854059
0.5061664953751285	0.9994861253854059
0.5092497430626927	0.9994861253854059
0.5102774922918808	0.9994861253854059
0.5118191161356629	0.9994861253854059
0.512846865364851	0.9994861253854059
0.5303186022610483	0.9994861253854059
0.5313463514902363	0.9994861253854059
0.5334018499486125	0.9994861253854059
0.5344295991778006	0.9994861253854059
0.5390544707091469	0.9994861253854059
0.540082219938335	0.9994861253854059
0.5411099691675231	0.9994861253854059
0.5421377183967112	0.9994861253854059
0.5493319630010277	0.9994861253854059
0.5508735868448099	0.9994861253854059
0.5642343268242549	0.9994861253854059
0.5652620760534429	0.9994861253854059
0.5863309352517986	0.9994861253854059
0.5873586844809866	0.9994861253854059
0.5940390544707091	0.9994861253854059
0.5950668036998972	0.9994861253854059
0.5986639260020555	0.9994861253854059
0.5996916752312436	0.9994861253854059
0.6038026721479959	0.9994861253854059
0.604830421377184	0.9994861253854059
0.6109969167523125	0.9994861253854059
0.6120246659815005	0.9994861253854059
0.6274409044193217	0.9994861253854059
0.6284686536485098	0.9994861253854059
0.6351490236382322	0.9994861253854059
0.6361767728674204	0.9994861253854059
0.6397738951695786	0.999743062692703
0.6664953751284687	0.999743062692703
0.6675231243576567	0.999743062692703
0.6824254881808839	0.999743062692703
0.6834532374100719	0.999743062692703
0.7127440904419322	0.999743062692703
0.7137718396711202	0.999743062692703
0.7173689619732785	0.999743062692703
0.7183967112024666	0.999743062692703
0.7404933196300103	0.999743062692703
0.7415210688591983	0.999743062692703
0.7795477903391572	0.999743062692703
0.7805755395683454	0.999743062692703
0.7908530318602262	0.999743062692703
0.7918807810894142	0.999743062692703
0.7975334018499486	0.999743062692703
0.7985611510791367	0.999743062692703
0.8036998972250771	0.999743062692703
0.8047276464542652	0.999743062692703
0.8062692702980473	0.999743062692703
0.8072970195272353	0.999743062692703
0.8103802672147996	0.999743062692703
0.8114080164439876	0.999743062692703
0.8124357656731758	0.999743062692703
0.8134635149023638	0.999743062692703
0.8144912641315519	0.999743062692703
0.81551901336074	0.999743062692703
0.8242548818088387	0.999743062692703
0.8257965056526207	0.999743062692703
0.8263103802672148	0.999743062692703
0.8273381294964028	0.999743062692703
0.8278520041109969	0.999743062692703
0.829393627954779	0.999743062692703
0.8401849948612539	0.999743062692703
0.8412127440904419	0.999743062692703
0.84224049331963	0.999743062692703
0.843268242548818	0.999743062692703
0.8468653648509764	0.999743062692703
0.8478931140801644	0.999743062692703
0.8484069886947585	0.999743062692703
0.8494347379239465	0.999743062692703
0.8514902363823227	0.999743062692703
0.8525179856115108	0.999743062692703
0.8576567317574512	0.999743062692703
0.8586844809866393	0.999743062692703
0.8782117163412128	0.999743062692703
0.8792394655704008	0.999743062692703
0.881808838643371	0.999743062692703
0.8828365878725591	0.999743062692703
0.8833504624871531	0.999743062692703
0.8843782117163412	0.999743062692703
0.8900308324768756	0.999743062692703
0.8910585817060637	0.999743062692703
0.894655704008222	0.999743062692703
0.89568345323741	0.999743062692703
0.9003083247687564	0.999743062692703
0.9013360739979445	0.999743062692703
0.9054470709146968	0.999743062692703
0.9064748201438849	0.999743062692703
0.9085303186022611	0.999743062692703
0.9095580678314491	0.999743062692703
0.9100719424460432	0.999743062692703
0.9110996916752312	0.999743062692703
0.9126413155190134	0.999743062692703
0.9131551901336074	0.999743062692703
0.9136690647482014	0.999743062692703
0.9141829393627955	0.999743062692703
0.9146968139773896	0.999743062692703
0.9157245632065776	0.999743062692703
0.9182939362795478	0.999743062692703
0.9193216855087358	0.999743062692703
0.921377183967112	0.999743062692703
0.9224049331963001	0.999743062692703
0.9290853031860226	0.999743062692703
0.9301130524152107	0.999743062692703
0.9321685508735869	0.999743062692703
0.9331963001027749	0.999743062692703
0.9367934224049332	0.999743062692703
0.9378211716341213	0.999743062692703
0.9424460431654677	0.999743062692703
0.9434737923946557	0.999743062692703
0.94655704008222	0.999743062692703
0.947584789311408	0.999743062692703
0.9486125385405961	1.0
0.9496402877697842	1.0
0.9511819116135662	1.0
0.9522096608427544	1.0
0.9532374100719424	1.0
0.9542651593011305	1.0
0.9594039054470709	1.0
0.960431654676259	1.0
0.9619732785200411	1.0
0.9635149023638232	1.0
0.9640287769784173	1.0
0.9660842754367934	1.0
0.9665981500513875	1.0
0.9676258992805755	1.0
0.9686536485097637	1.0
0.9696813977389517	1.0
0.9717368961973278	1.0
0.972764645426516	1.0
0.9732785200411099	1.0
0.9753340184994861	1.0
0.9779033915724563	1.0
0.9789311408016445	1.0
0.9809866392600206	1.0
0.9815005138746146	1.0
0.9825282631038027	1.0
0.9845837615621789	1.0
0.9856115107913669	1.0
0.987153134635149	1.0
0.9881808838643371	1.0
0.9892086330935251	1.0
0.9897225077081192	1.0
0.9907502569373073	1.0
0.9917780061664954	1.0
0.9938335046248715	1.0
0.9969167523124358	1.0
0.9979445015416238	1.0
1.0	1.0
