# roc_auc["macro"]	0.8904963828085968
fpr	tpr
0.0	0.1223021582733813
0.0005138746145940391	0.16264131551901334
0.0010277492291880781	0.1909044193216855
0.001541623843782117	0.2130010277492292
0.0020554984583761563	0.26387461459403905
0.0025693730729701952	0.2672147995889003
0.003083247687564234	0.2790339157245632
0.0035971223021582736	0.3137204522096608
0.0041109969167523125	0.33067831449126417
0.0046248715313463515	0.3538026721479959
0.0051387461459403904	0.38540596094552926
0.005652620760534429	0.38900308324768756
0.006166495375128468	0.39953751284686534
0.006680369989722507	0.4015930113052415
0.007194244604316547	0.40750256937307294
0.007708119218910586	0.41778006166495374
0.008221993833504625	0.4247173689619733
0.008735868448098663	0.42754367934224047
0.009249743062692703	0.4324254881808839
0.009763617677286743	0.43371017471736895
0.010277492291880781	0.4352517985611511
0.01079136690647482	0.4450154162384378
0.011305241521068859	0.4501541623843782
0.012332990750256937	0.4552929085303186
0.012846865364850977	0.45657759506680373
0.013360739979445015	0.4647995889003083
0.013874614594039054	0.46685508735868453
0.014388489208633094	0.47353545734840696
0.014902363823227132	0.48150051387461457
0.015416238437821172	0.4832990750256937
0.01593011305241521	0.4856115107913669
0.01644398766700925	0.487410071942446
0.01695786228160329	0.49023638232271327
0.017471736896197326	0.49331963001027745
0.017985611510791366	0.4946043165467626
0.018499486125385406	0.5020554984583762
0.019013360739979446	0.5053956834532374
0.019527235354573486	0.5100205549845838
0.020041109969167522	0.5105344295991778
0.020554984583761562	0.513617677286742
0.0210688591983556	0.5143884892086331
0.02158273381294964	0.5190133607399794
0.022096608427543678	0.5200411099691675
0.022610483042137718	0.5231243576567317
0.023124357656731757	0.5249229188078108
0.024152106885919837	0.5274922918807812
0.025179856115107913	0.5308324768756423
0.025693730729701953	0.5326310380267215
0.026207605344295993	0.5336587872559095
0.02672147995889003	0.5339157245632066
0.02723535457348407	0.5390544707091469
0.02774922918807811	0.539311408016444
0.02826310380267215	0.5408530318602262
0.02877697841726619	0.5431654676258992
0.029290853031860225	0.5439362795477903
0.029804727646454265	0.5441932168550874
0.030318602261048305	0.5467625899280575
0.030832476875642344	0.5488180883864338
0.03134635149023638	0.5495889003083247
0.03186022610483042	0.5498458376156218
0.03237410071942446	0.5501027749229188
0.0328879753340185	0.552158273381295
0.03340184994861254	0.5526721479958889
0.03391572456320658	0.5529290853031861
0.03442959917780062	0.55344295991778
0.03494347379239465	0.5539568345323741
0.03545734840698869	0.5542137718396711
0.03648509763617677	0.5547276464542652
0.03699897225077081	0.5549845837615621
0.03751284686536485	0.5552415210688592
0.03802672147995889	0.5565262076053443
0.03854059609455293	0.5570400822199384
0.03905447070914697	0.5583247687564235
0.039568345323741004	0.5585817060637205
0.040082219938335044	0.5596094552929085
0.040596094552929084	0.5598663926002055
0.041109969167523124	0.5608941418293936
0.04162384378211716	0.5616649537512847
0.0421377183967112	0.5619218910585817
0.04316546762589928	0.5621788283658787
0.04367934224049332	0.5626927029804727
0.044193216855087356	0.5629496402877698
0.045220966084275435	0.5637204522096608
0.045734840698869475	0.5642343268242549
0.046248715313463515	0.564748201438849
0.046762589928057555	0.56551901336074
0.047276464542651594	0.566032887975334
0.047790339157245634	0.5688591983556013
0.048304213771839674	0.5691161356628982
0.04933196300102775	0.5693730729701953
0.050359712230215826	0.5701438848920863
0.050873586844809866	0.5714285714285714
0.051901336073997946	0.5727132579650565
0.052415210688591986	0.5729701952723536
0.052929085303186026	0.5732271325796505
0.05344295991778006	0.5742548818088387
0.0539568345323741	0.5745118191161356
0.05447070914696814	0.5755395683453237
0.05498458376156218	0.5757965056526207
0.05549845837615622	0.5763103802672148
0.05601233299075026	0.5773381294964028
0.0565262076053443	0.5775950668036999
0.05704008221993834	0.578365878725591
0.05755395683453238	0.579136690647482
0.05806783144912641	0.5801644398766701
0.05909558067831449	0.5811921891058582
0.05960945529290853	0.5829907502569374
0.06012332990750257	0.5835046248715314
0.06063720452209661	0.5850462487153134
0.06115107913669065	0.5853031860226104
0.06166495375128469	0.5858170606372045
0.06217882836587873	0.5863309352517985
0.06269270298047276	0.5868448098663925
0.0632065775950668	0.5876156217882836
0.06372045220966084	0.5881294964028776
0.06423432682425488	0.5891572456320657
0.06474820143884892	0.5894141829393629
0.06526207605344296	0.5896711202466598
0.065775950668037	0.5906988694758479
0.06628982528263104	0.592754367934224
0.06783144912641316	0.5942959917780062
0.0683453237410072	0.5945529290853032
0.06885919835560124	0.5948098663926003
0.06937307297019528	0.5958376156217884
0.0698869475847893	0.5960945529290853
0.07040082219938334	0.5966084275436794
0.07091469681397738	0.5971223021582734
0.07142857142857142	0.5973792394655704
0.07194244604316546	0.5984069886947585
0.0724563206577595	0.5989208633093526
0.07297019527235354	0.5996916752312436
0.07348406988694758	0.6002055498458376
0.07399794450154162	0.6027749229188077
0.07451181911613566	0.6030318602261049
0.0750256937307297	0.603545734840699
0.07553956834532374	0.6040596094552929
0.07605344295991778	0.604830421377184
0.07656731757451182	0.6050873586844809
0.0775950668036999	0.605858170606372
0.07862281603288798	0.6073997944501541
0.07913669064748201	0.6091983556012333
0.07965056526207605	0.6097122302158273
0.08067831449126413	0.6102261048304214
0.08119218910585817	0.6104830421377184
0.08170606372045221	0.6107399794450155
0.08221993833504625	0.6117677286742035
0.08273381294964029	0.6120246659815005
0.08324768756423433	0.6127954779033916
0.08376156217882837	0.6133093525179856
0.0842754367934224	0.6135662898252826
0.08530318602261049	0.6138232271325796
0.08581706063720453	0.6148509763617678
0.08633093525179857	0.6158787255909558
0.0868448098663926	0.6169064748201438
0.08735868448098665	0.618448098663926
0.08838643371017471	0.6189619732785201
0.08890030832476875	0.6197327852004111
0.08941418293936279	0.6202466598150052
0.08992805755395683	0.6205035971223022
0.09044193216855087	0.6212744090441933
0.09095580678314491	0.6223021582733813
0.09146968139773895	0.6233299075025693
0.09198355601233299	0.6246145940390544
0.09249743062692703	0.6248715313463515
0.09301130524152107	0.6256423432682425
0.09403905447070915	0.6261562178828366
0.09455292908530319	0.6266700924974307
0.09506680369989723	0.6269270298047276
0.09558067831449127	0.6279547790339157
0.09712230215827339	0.6284686536485098
0.09763617677286741	0.6297533401849948
0.09815005138746145	0.631551901336074
0.0986639260020555	0.632836587872559
0.09917780061664953	0.6330935251798562
0.09969167523124357	0.6336073997944502
0.10020554984583761	0.6346351490236383
0.10123329907502569	0.6348920863309353
0.10174717368961973	0.6361767728674204
0.10226104830421377	0.6366906474820144
0.10328879753340185	0.6392600205549845
0.10380267214799589	0.6395169578622817
0.10431654676258993	0.6397738951695786
0.10483042137718397	0.6405447070914696
0.10534429599177801	0.6410585817060637
0.10585817060637205	0.6415724563206577
0.10637204522096609	0.6431140801644398
0.10688591983556012	0.6433710174717369
0.10739979445015416	0.6449126413155191
0.1079136690647482	0.6464542651593012
0.10842754367934224	0.6467112024665982
0.10945529290853032	0.6469681397738951
0.10996916752312436	0.6472250770811923
0.1104830421377184	0.6474820143884892
0.11099691675231244	0.6479958890030832
0.11151079136690648	0.6487667009249743
0.11253854059609456	0.6490236382322714
0.1130524152106886	0.6500513874614594
0.11356628982528263	0.6541623843782117
0.11408016443987667	0.6546762589928058
0.11459403905447071	0.6549331963001028
0.11510791366906475	0.6551901336073997
0.11613566289825282	0.6554470709146968
0.11664953751284686	0.6575025693730729
0.11767728674203494	0.6600719424460432
0.11819116135662898	0.6613566289825282
0.11870503597122302	0.6634121274409044
0.11921891058581706	0.6639260020554985
0.12076053442959918	0.6641829393627955
0.12127440904419322	0.6659815005138746
0.12178828365878726	0.6667523124357657
0.1223021582733813	0.6670092497430626
0.12281603288797534	0.6688078108941418
0.12332990750256938	0.6690647482014389
0.12435765673175746	0.6693216855087358
0.1248715313463515	0.670863309352518
0.12538540596094552	0.6731757451181912
0.12589928057553956	0.6744604316546763
0.1264131551901336	0.6762589928057554
0.12692702980472764	0.6772867420349435
0.12744090441932168	0.6788283658787255
0.12846865364850976	0.6793422404933196
0.1289825282631038	0.6821685508735869
0.12949640287769784	0.6834532374100719
0.13001027749229188	0.684737923946557
0.13052415210688592	0.6849948612538541
0.13103802672147996	0.6878211716341213
0.131551901336074	0.6880781089414183
0.13257965056526208	0.6883350462487153
0.13309352517985612	0.6893627954779034
0.13463514902363824	0.6901336073997945
0.13514902363823228	0.6906474820143884
0.13566289825282632	0.6919321685508736
0.13617677286742036	0.6924460431654677
0.1366906474820144	0.6945015416238438
0.13720452209660844	0.6947584789311407
0.13823227132579652	0.695529290853032
0.13874614594039056	0.6957862281603289
0.13926002055498457	0.696813977389517
0.1397738951695786	0.6970709146968139
0.1408016443987667	0.697841726618705
0.14131551901336073	0.6980986639260021
0.14182939362795477	0.698869475847893
0.1423432682425488	0.6996402877697843
0.14285714285714285	0.7001541623843782
0.1433710174717369	0.7006680369989723
0.14388489208633093	0.7011819116135662
0.14439876670092497	0.7019527235354573
0.144912641315519	0.7034943473792394
0.14542651593011305	0.7037512846865365
0.1459403905447071	0.7047790339157245
0.14645426515930113	0.7055498458376157
0.14696813977389517	0.7068345323741008
0.1474820143884892	0.7073484069886947
0.14799588900308325	0.7078622816032888
0.1485097636176773	0.7083761562178829
0.14902363823227133	0.7094039054470709
0.14953751284686537	0.710431654676259
0.15056526207605345	0.71120246659815
0.1510791366906475	0.7114594039054472
0.15159301130524153	0.7117163412127441
0.15210688591983557	0.7119732785200411
0.1526207605344296	0.7127440904419322
0.15313463514902365	0.7130010277492291
0.15364850976361769	0.7142857142857143
0.15416238437821173	0.7145426515930113
0.15467625899280577	0.7155704008221994
0.1551901336073998	0.7163412127440905
0.15570400822199384	0.7168550873586845
0.15673175745118192	0.7171120246659815
0.15775950668036998	0.7181397738951696
0.15827338129496402	0.7183967112024666
0.15878725590955806	0.7189105858170607
0.1593011305241521	0.7199383350462487
0.15981500513874614	0.7217368961973278
0.16032887975334018	0.7222507708119219
0.16084275436793422	0.72327852004111
0.1618705035971223	0.723535457348407
0.16289825282631037	0.723792394655704
0.16341212744090441	0.724820143884892
0.16392600205549845	0.7261048304213772
0.1644398766700925	0.7266187050359713
0.16495375128468653	0.7268756423432683
0.16546762589928057	0.7271325796505652
0.1659815005138746	0.7273895169578622
0.16649537512846865	0.7279033915724563
0.1670092497430627	0.7289311408016443
0.16752312435765673	0.7304727646454265
0.16803699897225077	0.7315005138746147
0.1685508735868448	0.7320143884892086
0.1695786228160329	0.7322713257965057
0.17009249743062693	0.7327852004110997
0.17060637204522097	0.7332990750256938
0.171120246659815	0.7343268242548818
0.17163412127440905	0.7348406988694758
0.17317574511819117	0.7350976361767729
0.1736896197327852	0.736125385405961
0.17420349434737925	0.737153134635149
0.1747173689619733	0.7381808838643371
0.17523124357656733	0.7389516957862281
0.17574511819116137	0.7394655704008222
0.17625899280575538	0.7401079136690647
0.17677286742034942	0.7407502569373073
0.1778006166495375	0.7412641315519013
0.17882836587872558	0.7412641315519013
0.17934224049331962	0.7422918807810894
0.1803699897225077	0.7427201096265844
0.18088386433710174	0.7433196300102776
0.18191161356628982	0.7442617334703665
0.18242548818088386	0.7446043165467626
0.18345323741007194	0.7456320657759508
0.18448098663926002	0.7466598150051388
0.1855087358684481	0.7474306269270299
0.18705035971223022	0.7484583761562179
0.18756423432682426	0.7489722507708119
0.1880781089414183	0.7494861253854059
0.18859198355601234	0.7505138746145941
0.18910585817060638	0.7510277492291881
0.18961973278520042	0.7515416238437822
0.19013360739979446	0.7520554984583762
0.1906474820143885	0.7525693730729702
0.19116135662898254	0.7530832476875643
0.19167523124357658	0.7535971223021583
0.19373072970195274	0.7548818088386434
0.19527235354573483	0.7561664953751285
0.19578622816032887	0.7566803699897224
0.1963001027749229	0.7574511819116136
0.19681397738951695	0.7579650565262077
0.197327852004111	0.7584789311408017
0.1988694758478931	0.7600205549845838
0.19938335046248715	0.7607913669064748
0.20041109969167523	0.7618191161356629
0.20092497430626927	0.762332990750257
0.2014388489208633	0.7631038026721481
0.20246659815005139	0.7641315519013361
0.20349434737923947	0.7652449468996232
0.2040082219938335	0.7665724563206577
0.20554984583761562	0.7679856115107914
0.20606372045220966	0.7684994861253853
0.2065775950668037	0.7695272353545735
0.20760534429599178	0.7697841726618706
0.20811921891058582	0.7700411099691675
0.20863309352517986	0.7702980472764644
0.2091469681397739	0.7718396711202467
0.20966084275436794	0.7731243576567317
0.21017471736896198	0.7733812949640289
0.21120246659815006	0.7741521068859198
0.2117163412127441	0.7746659815005139
0.21223021582733814	0.775179856115108
0.2132579650565262	0.7756937307297019
0.21377183967112023	0.7777492291880781
0.21531346351490235	0.7785200411099691
0.2158273381294964	0.7800616649537513
0.21634121274409043	0.7803186022610483
0.2173689619732785	0.7808324768756423
0.21942446043165467	0.7813463514902363
0.2199383350462487	0.7816032887975334
0.22045220966084275	0.7818602261048304
0.2209660842754368	0.7823741007194245
0.22147995889003083	0.7828879753340185
0.22199383350462487	0.7841726618705036
0.22302158273381295	0.7846865364850977
0.223535457348407	0.7849434737923946
0.22404933196300103	0.7852004110996917
0.2261048304213772	0.7857142857142858
0.22661870503597123	0.7877697841726619
0.22713257965056527	0.7880267214799589
0.2276464542651593	0.7882836587872559
0.22816032887975335	0.789311408016444
0.2286742034943474	0.789825282631038
0.2302158273381295	0.790082219938335
0.23072970195272355	0.7913669064748201
0.2312435765673176	0.7921377183967112
0.23227132579650564	0.7926515930113053
0.23278520041109968	0.7936793422404933
0.23329907502569372	0.7944501541623844
0.23381294964028776	0.7949640287769784
0.2343268242548818	0.7959917780061665
0.23586844809866392	0.7965056526207606
0.23638232271325796	0.7970195272353546
0.236896197327852	0.7975334018499487
0.23741007194244604	0.7977903391572456
0.23792394655704008	0.7983042137718397
0.23843782117163412	0.7988180883864338
0.23895169578622816	0.7995889003083247
0.2394655704008222	0.8003597122302157
0.23997944501541624	0.801130524152107
0.24100719424460432	0.8013874614594039
0.24152106885919836	0.8029290853031861
0.2420349434737924	0.803186022610483
0.24254881808838644	0.804470709146968
0.24306269270298048	0.8049845837615621
0.24357656731757452	0.8054984583761562
0.2446043165467626	0.8060123329907503
0.24665981500513876	0.8062692702980472
0.2471736896197328	0.8067831449126412
0.24768756423432683	0.8080678314491264
0.24871531346351491	0.8083247687564235
0.24922918807810895	0.8085817060637205
0.249743062692703	0.8093525179856116
0.25025693730729703	0.8101233299075026
0.2512846865364851	0.8103802672147996
0.2517985611510791	0.8111510791366907
0.2523124357656732	0.8121788283658787
0.2528263103802672	0.8129496402877698
0.2533401849948613	0.8134635149023639
0.2538540596094553	0.8137204522096608
0.25436793422404935	0.814748201438849
0.25488180883864336	0.815262076053443
0.25590955806783144	0.81551901336074
0.2564234326824255	0.8162898252826309
0.2569373072970195	0.8173175745118191
0.2574511819116136	0.8178314491264131
0.25847893114080167	0.8180883864337102
0.2589928057553957	0.8188591983556013
0.2595066803699897	0.8193730729701953
0.26002055498458376	0.8198869475847893
0.2605344295991778	0.8209146968139773
0.26104830421377184	0.8211716341212745
0.26156217882836585	0.8214285714285714
0.26258992805755393	0.8221993833504625
0.263103802672148	0.8224563206577595
0.263617677286742	0.8242548818088387
0.2641315519013361	0.8245118191161356
0.26515930113052416	0.8260534429599178
0.26618705035971224	0.8268242548818088
0.26670092497430625	0.8281089414182939
0.2672147995889003	0.8286228160328879
0.2692702980472765	0.828879753340185
0.2697841726618705	0.829136690647482
0.27029804727646456	0.8293936279547791
0.27081192189105857	0.8299075025693732
0.27132579650565264	0.8314491264131552
0.27183967112024665	0.8322199383350463
0.2723535457348407	0.8324768756423433
0.27286742034943473	0.8332476875642343
0.2733812949640288	0.8353031860226106
0.2738951695786228	0.8360739979445015
0.2744090441932169	0.8365878725590956
0.2749229188078109	0.8368448098663925
0.27543679342240496	0.8389003083247688
0.27646454265159304	0.8391572456320657
0.27697841726618705	0.8396711202466598
0.27852004110996914	0.8401849948612539
0.2790339157245632	0.8404419321685509
0.2795477903391572	0.8406988694758479
0.2800616649537513	0.8414696813977389
0.2805755395683453	0.8430113052415211
0.2816032887975334	0.8445529290853031
0.28211716341212745	0.8453237410071943
0.2831449126413155	0.8455806783144912
0.28365878725590954	0.8463514902363823
0.2841726618705036	0.8466084275436794
0.2857142857142857	0.8471223021582734
0.28622816032887977	0.8478931140801644
0.2867420349434738	0.8489208633093526
0.28725590955806785	0.8499486125385406
0.28776978417266186	0.8507194244604317
0.2882836587872559	0.8512332990750258
0.28879753340184994	0.8512332990750258
0.289311408016444	0.8518756423432683
0.289825282631038	0.8522610483042137
0.2903391572456321	0.8539311408016443
0.2908530318602261	0.85431654676259
0.29136690647482016	0.8553291820325253
0.2954779033915725	0.8575207061241763
0.2965056526207605	0.8585182274348588
0.2975334018499486	0.8592588114382443
0.29804727646454265	0.8602714467081797
0.29856115107913667	0.861797956592709
0.3011305241521069	0.8632640106402273
0.302158273381295	0.8640045946436128
0.302672147995889	0.8647602926062512
0.30318602261048305	0.8652590532615924
0.30472764645426514	0.8662414606130222
0.3052415210688592	0.8667402212683635
0.3057553956834532	0.8672389819237047
0.3067831449126413	0.8682365032343873
0.3078108941418294	0.8689770872377728
0.30832476875642345	0.869218910585817
0.30935251798561153	0.8705892428914012
0.30986639260020554	0.8710174717368961
0.3103802672147996	0.8714028776978417
0.3108941418293936	0.8723021582733812
0.3114080164439877	0.8725590955806783
0.3119218910585817	0.8730729701952724
0.31346351490236385	0.8746145940390545
0.31449126413155193	0.8758992805755396
0.31500513874614594	0.8761562178828366
0.31551901336073995	0.8766700924974307
0.31654676258992803	0.8782117163412128
0.3170606372045221	0.8784686536485098
0.3175745118191161	0.8792394655704008
0.3180883864337102	0.8794964028776978
0.3186022610483042	0.8794964028776978
0.31911613566289826	0.8794964028776978
0.31963001027749227	0.8800102774922919
0.32014388489208634	0.880781089414183
0.3211716341212744	0.8810380267214799
0.32168550873586843	0.881551901336074
0.3221993833504625	0.8823227132579651
0.3227132579650565	0.8833504624871531
0.3232271325796506	0.8838643371017472
0.3237410071942446	0.8841212744090442
0.32476875642343267	0.8843782117163412
0.32528263103802674	0.8851490236382322
0.32579650565262075	0.8854059609455294
0.3263103802672148	0.8866906474820144
0.32682425488180883	0.8874614594039054
0.3273381294964029	0.8882322713257964
0.3278520041109969	0.8884892086330936
0.328365878725591	0.8887461459403905
0.328879753340185	0.8892600205549845
0.32939362795477906	0.8897738951695786
0.32990750256937307	0.8905447070914697
0.33042137718396714	0.8910585817060637
0.3319630010277492	0.8918293936279549
0.3324768756423433	0.8920863309352518
0.3329907502569373	0.8926002055498459
0.3335046248715313	0.8933710174717369
0.3340184994861254	0.8949126413155191
0.3345323741007194	0.8954265159301131
0.33504624871531347	0.89568345323741
0.3355601233299075	0.8959403905447071
0.33658787255909556	0.896454265159301
0.33761562178828364	0.8972250770811923
0.3381294964028777	0.8977389516957862
0.3391572456320658	0.8987667009249743
0.34018499486125386	0.8995375128468653
0.34121274409044194	0.9003083247687564
0.34172661870503596	0.9005652620760535
0.34224049331963	0.9013360739979445
0.34275436793422404	0.9018499486125385
0.3432682425488181	0.9021068859198356
0.3437821171634121	0.9023638232271325
0.3442959917780062	0.9028776978417266
0.3448098663926002	0.9031346351490237
0.34532374100719426	0.9033915724563206
0.3458376156217883	0.9039054470709147
0.34635149023638234	0.9041623843782117
0.34686536485097635	0.9044193216855088
0.3473792394655704	0.9049331963001028
0.34789311408016443	0.9051901336073997
0.3484069886947585	0.9057040082219938
0.3489208633093525	0.9062178828365879
0.3494347379239466	0.9075025693730729
0.35046248715313466	0.90775950668037
0.3509763617677287	0.908787255909558
0.35149023638232274	0.9090441932168551
0.35200411099691675	0.9095580678314491
0.35303186022610483	0.9098150051387461
0.35354573484069884	0.9100719424460432
0.3540596094552929	0.9108427543679343
0.3545734840698869	0.9113566289825282
0.355087358684481	0.9118705035971223
0.355601233299075	0.9121274409044193
0.35611510791366907	0.9126413155190134
0.3566289825282631	0.9128982528263103
0.35714285714285715	0.9134121274409044
0.35765673175745116	0.9141829393627955
0.35817060637204523	0.9146968139773896
0.3591983556012333	0.9149537512846866
0.3597122302158273	0.9164953751284686
0.3602261048304214	0.9175231243576567
0.36228160328879755	0.9177800616649539
0.36279547790339156	0.9182939362795477
0.36330935251798563	0.9193216855087358
0.36382322713257964	0.9193216855087358
0.3648509763617677	0.920349434737924
0.3653648509763618	0.9206063720452209
0.3658787255909558	0.9229188078108941
0.3669064748201439	0.9231757451181912
0.36742034943473795	0.9239465570400822
0.36793422404933196	0.9242034943473793
0.368448098663926	0.9252312435765673
0.3694758478931141	0.9262589928057554
0.3699897225077081	0.9267728674203495
0.37050359712230213	0.9270298047276464
0.3715313463514902	0.9280575539568345
0.37358684480986637	0.9285714285714286
0.37410071942446044	0.9298561151079137
0.3751284686536485	0.9303699897225077
0.37564234326824253	0.9306269270298047
0.3766700924974306	0.9308838643371018
0.3776978417266187	0.9313977389516958
0.37821171634121276	0.9316546762589928
0.37975334018499485	0.9319116135662898
0.3802672147995889	0.9321685508735869
0.3807810894141829	0.9324254881808839
0.381808838643371	0.9326824254881809
0.38386433710174717	0.9329393627954778
0.3854059609455293	0.9334532374100719
0.3859198355601233	0.93448098663926
0.3869475847893114	0.9349948612538541
0.3874614594039055	0.935251798561151
0.3879753340184995	0.9357656731757451
0.3895169578622816	0.9360226104830421
0.39003083247687564	0.9370503597122302
0.39157245632065774	0.9373072970195273
0.3936279547790339	0.9378211716341213
0.39414182939362796	0.9383350462487153
0.39671120246659813	0.9391058581706063
0.3972250770811922	0.9393627954779034
0.3982528263103803	0.9396197327852004
0.39928057553956836	0.9398766700924974
0.40030832476875644	0.9406474820143885
0.40082219938335045	0.9411613566289825
0.4013360739979445	0.9414182939362795
0.4023638232271326	0.9419321685508736
0.4028776978417266	0.9421891058581706
0.4033915724563207	0.9427029804727647
0.40493319630010277	0.9429599177800616
0.40596094552929085	0.9432168550873586
0.40698869475847893	0.9437307297019527
0.408016443987667	0.9442446043165468
0.408530318602261	0.9445015416238438
0.4105858170606372	0.9447584789311407
0.41109969167523125	0.9450154162384379
0.41212744090441933	0.9457862281603289
0.41264131551901334	0.9460431654676259
0.4131551901336074	0.9463001027749229
0.4141829393627955	0.94655704008222
0.4146968139773895	0.9470709146968139
0.4157245632065776	0.9473278520041111
0.41778006166495374	0.9483556012332991
0.4182939362795478	0.9491264131551902
0.4193216855087359	0.9496402877697842
0.420863309352518	0.9498972250770812
0.4224049331963001	0.9506680369989722
0.42291880781089414	0.9509249743062693
0.4234326824254882	0.9511819116135662
0.4239465570400822	0.9514388489208634
0.4244604316546763	0.9516957862281603
0.42548818088386436	0.9519527235354573
0.42754367934224047	0.9524665981500514
0.42857142857142855	0.9529804727646454
0.4290853031860226	0.9532374100719425
0.4311408016443988	0.9534943473792394
0.43268242548818087	0.9540082219938335
0.434224049331963	0.9547790339157245
0.434737923946557	0.9550359712230216
0.4367934224049332	0.9552929085303186
0.43782117163412126	0.9555498458376156
0.44450154162384375	0.9558067831449126
0.44552929085303183	0.9563206577595067
0.447070914696814	0.9570914696813977
0.447584789311408	0.9573484069886948
0.44964028776978415	0.9576053442959918
0.45066803699897223	0.9578622816032889
0.45323741007194246	0.9588900308324768
0.45375128468653647	0.9594039054470709
0.45426515930113054	0.959917780061665
0.45477903391572455	0.960174717368962
0.4578622816032888	0.9609455292908531
0.45837615621788286	0.96120246659815
0.45940390544707094	0.9617163412127441
0.460431654676259	0.9622302158273381
0.46094552929085303	0.9624871531346352
0.4614594039054471	0.9630010277492291
0.4619732785200411	0.9632579650565263
0.4635149023638232	0.9637718396711202
0.4645426515930113	0.9640287769784173
0.46659815005138744	0.9642857142857143
0.4676258992805755	0.9650565262076054
0.4681397738951696	0.9653134635149023
0.4696813977389517	0.9655704008221994
0.4712230215827338	0.9658273381294964
0.47173689619732784	0.9660842754367934
0.4722507708119219	0.9663412127440905
0.4727646454265159	0.9665981500513874
0.4748201438848921	0.9671120246659815
0.47687564234326824	0.9673689619732786
0.4773895169578623	0.9676258992805755
0.4779033915724563	0.9678828365878726
0.4789311408016444	0.9681397738951696
0.47944501541623846	0.9686536485097637
0.4799588900308325	0.9689105858170606
0.48098663926002055	0.9691675231243576
0.48150051387461457	0.9694244604316546
0.48201438848920863	0.9696813977389517
0.4840698869475848	0.9701952723535457
0.4845837615621788	0.9704522096608428
0.4856115107913669	0.9707091469681397
0.48612538540596095	0.9712230215827338
0.48766700924974304	0.9714799588900308
0.4892086330935252	0.9717368961973278
0.4907502569373073	0.9719938335046249
0.49177800616649536	0.9725077081192189
0.49229188078108943	0.9730215827338129
0.4933196300102775	0.97327852004111
0.4938335046248715	0.973535457348407
0.4943473792394656	0.9737923946557041
0.4948612538540596	0.9745632065775951
0.49537512846865367	0.974820143884892
0.49640287769784175	0.9750770811921892
0.49691675231243576	0.9753340184994861
0.49743062692702983	0.9755909558067831
0.49794450154162384	0.9758478931140802
0.5005138746145941	0.9761048304213772
0.5035971223021583	0.9763617677286742
0.5051387461459403	0.9766187050359711
0.5061664953751285	0.9771325796505652
0.5087358684480987	0.9773895169578622
0.5092497430626927	0.9776464542651593
0.5113052415210688	0.9779033915724563
0.513360739979445	0.9781603288797533
0.5149023638232272	0.9784172661870503
0.5154162384378211	0.9786742034943474
0.5164439876670093	0.9789311408016443
0.5174717368961973	0.9791880781089415
0.5179856115107914	0.9794450154162384
0.5184994861253854	0.9797019527235354
0.5190133607399794	0.9799588900308325
0.5215827338129496	0.9802158273381294
0.5308324768756424	0.9804727646454265
0.5323741007194245	0.9807297019527235
0.5334018499486125	0.9809866392600206
0.5380267214799589	0.9812435765673175
0.539568345323741	0.9815005138746147
0.540082219938335	0.9817574511819116
0.5426515930113053	0.9820143884892086
0.5431654676258992	0.9822713257965057
0.5436793422404933	0.9830421377183967
0.5447070914696814	0.9832990750256937
0.5493319630010277	0.9835560123329907
0.5498458376156218	0.9838129496402878
0.5508735868448099	0.9840698869475848
0.5519013360739979	0.9843268242548818
0.552415210688592	0.9850976361767729
0.5539568345323741	0.9853545734840699
0.5544707091469682	0.9856115107913669
0.5575539568345323	0.986125385405961
0.5626927029804728	0.986382322713258
0.5632065775950668	0.986639260020555
0.5642343268242549	0.986896197327852
0.5652620760534429	0.987153134635149
0.5678314491264131	0.9874100719424461
0.5683453237410072	0.9879239465570401
0.5704008221993834	0.9881808838643371
0.5719424460431655	0.988437821171634
0.5729701952723536	0.9889516957862281
0.5739979445015416	0.9892086330935252
0.5755395683453237	0.9897225077081192
0.5770811921891058	0.9902363823227133
0.5832476875642343	0.9904933196300103
0.5873586844809866	0.9910071942446044
0.5883864337101747	0.9912641315519013
0.5894141829393628	0.9915210688591984
0.5935251798561151	0.9917780061664954
0.6017471736896197	0.9920349434737924
0.605344295991778	0.9922918807810894
0.6068859198355602	0.9925488180883865
0.6079136690647482	0.9928057553956835
0.6089414182939363	0.9930626927029804
0.6151079136690647	0.9933196300102776
0.6212744090441932	0.9935765673175745
0.6217882836587872	0.9938335046248716
0.6248715313463515	0.9940904419321686
0.6274409044193217	0.9943473792394656
0.6372045220966084	0.9946043165467626
0.6397738951695786	0.9948612538540597
0.6449126413155191	0.9951181911613567
0.6464542651593012	0.9953751284686536
0.6551901336073997	0.9956320657759506
0.6747173689619733	0.9958890030832477
0.6819116135662898	0.9961459403905447
0.697841726618705	0.9964028776978417
0.7132579650565262	0.9966598150051388
0.7286742034943474	0.9971736896197327
0.7302158273381295	0.9974306269270299
0.736896197327852	0.9976875642343268
0.7425488180883865	0.9979445015416238
0.750256937307297	0.9979445015416238
0.7512846865364851	0.9979445015416238
0.7595066803699897	0.9982014388489209
0.7821171634121274	0.9984583761562179
0.8011305241521068	0.9987153134635149
0.8150051387461459	0.9989722507708119
0.8360739979445015	0.999229188078109
0.8499486125385406	0.9994861253854059
0.8735868448098664	0.999743062692703
0.9054470709146968	1.0
0.9460431654676259	1.0
0.9470709146968139	1.0
1.0	1.0
