# roc_auc["macro"]	0.999203705601075
fpr	tpr
0.0	0.5737410071942446
0.0005138746145940391	0.8782117163412128
0.0010277492291880781	0.9031346351490237
0.001541623843782117	0.920863309352518
0.0020554984583761563	0.9514388489208633
0.0025693730729701952	0.9586330935251799
0.003083247687564234	0.9609455292908531
0.0035971223021582736	0.9753340184994861
0.0041109969167523125	0.9771325796505652
0.0046248715313463515	0.9789311408016443
0.0051387461459403904	0.9820143884892086
0.005652620760534429	0.9830421377183967
0.006166495375128468	0.987410071942446
0.006680369989722507	0.987667009249743
0.007194244604316547	0.988437821171634
0.008221993833504625	0.9899794450154162
0.008735868448098663	0.9910071942446044
0.009249743062692703	0.9915210688591984
0.009763617677286743	0.9922918807810894
0.011305241521068859	0.9925488180883865
0.011819116135662899	0.9928057553956835
0.012332990750256937	0.9940904419321686
0.013360739979445015	0.9943473792394656
0.013874614594039054	0.9948612538540595
0.01593011305241521	0.9951181911613567
0.017985611510791366	0.9953751284686536
0.019527235354573486	0.9961459403905447
0.02826310380267215	0.9966598150051387
0.03186022610483042	0.9971736896197327
0.040082219938335044	0.9974306269270299
0.044707091469681395	0.9976875642343268
0.06474820143884892	0.997944501541624
0.06731757451181912	0.9982014388489209
0.0683453237410072	0.9984583761562179
0.06885919835560124	0.9987153134635149
0.08735868448098665	0.998972250770812
0.11099691675231244	0.999229188078109
0.12178828365878726	0.9994861253854059
0.16135662898252826	0.999743062692703
0.27081192189105857	0.999743062692703
0.27286742034943473	0.999743062692703
0.2749229188078109	0.999743062692703
0.27697841726618705	0.999743062692703
0.2795477903391572	0.999743062692703
0.2805755395683453	0.999743062692703
0.2816032887975334	0.999743062692703
0.28263103802672146	0.999743062692703
0.2882836587872559	0.999743062692703
0.289311408016444	0.999743062692703
0.37872559095580677	0.999743062692703
0.37975334018499485	0.999743062692703
0.3961973278520041	0.999743062692703
0.3972250770811922	0.999743062692703
0.4141829393627955	0.999743062692703
0.41521068859198357	0.999743062692703
0.4989722507708119	0.999743062692703
0.5	0.999743062692703
0.6084275436793423	0.999743062692703
0.6094552929085303	0.999743062692703
0.6197327852004111	0.999743062692703
0.6207605344295992	0.999743062692703
0.6238437821171634	0.999743062692703
0.6248715313463515	0.999743062692703
0.6300102774922919	0.999743062692703
0.6310380267214799	0.999743062692703
0.6479958890030832	0.999743062692703
0.6490236382322713	0.999743062692703
0.6551901336073997	0.999743062692703
0.6562178828365879	0.999743062692703
0.656731757451182	0.999743062692703
0.65775950668037	0.999743062692703
0.6593011305241521	1.0
0.6664953751284687	1.0
0.6675231243576567	1.0
0.6726618705035972	1.0
0.6736896197327852	1.0
0.6937307297019527	1.0
0.6947584789311408	1.0
0.6963001027749229	1.0
0.697327852004111	1.0
0.7225077081192189	1.0
0.723535457348407	1.0
0.7641315519013361	1.0
0.7651593011305241	1.0
0.7805755395683454	1.0
0.7816032887975334	1.0
0.789311408016444	1.0
0.7903391572456321	1.0
0.8078108941418294	1.0
0.8088386433710175	1.0
0.8165467625899281	1.0
0.8175745118191161	1.0
0.8391572456320657	1.0
0.8401849948612539	1.0
0.8406988694758479	1.0
0.841726618705036	1.0
0.84224049331963	1.0
0.843268242548818	1.0
0.8494347379239465	1.0
0.8504624871531347	1.0
0.8669064748201439	1.0
0.867934224049332	1.0
0.8746145940390545	1.0
0.8756423432682425	1.0
0.8915724563206577	1.0
0.8926002055498459	1.0
0.8961973278520041	1.0
0.8972250770811921	1.0
0.9182939362795478	1.0
0.9193216855087358	1.0
0.934224049331963	1.0
0.935251798561151	1.0
0.9367934224049332	1.0
0.9378211716341213	1.0
0.9414182939362795	1.0
0.9424460431654677	1.0
0.9439876670092497	1.0
0.9450154162384378	1.0
0.9486125385405961	1.0
0.9501541623843782	1.0
0.9568345323741008	1.0
0.9588900308324769	1.0
0.959917780061665	1.0
0.9609455292908531	1.0
0.9717368961973278	1.0
0.973792394655704	1.0
0.9748201438848921	1.0
0.9804727646454265	1.0
0.9815005138746146	1.0
0.9820143884892086	1.0
0.9830421377183967	1.0
0.986125385405961	1.0
0.987667009249743	1.0
0.9881808838643371	1.0
0.9892086330935251	1.0
1.0	1.0
