# roc_auc["macro"]	0.9999679158449778
fpr	tpr
0.0	0.9583761562178829
0.0005138746145940391	0.9910071942446044
0.0010277492291880781	0.998972250770812
0.0041109969167523125	0.999229188078109
0.013874614594039054	0.9994861253854059
0.026207605344295993	0.999743062692703
0.047276464542651594	1.0
0.19424460431654678	1.0
0.19527235354573483	1.0
0.4182939362795478	1.0
0.4193216855087359	1.0
0.42034943473792397	1.0
0.42137718396711205	1.0
0.4409044193216855	1.0
0.4419321685508736	1.0
0.4573484069886948	1.0
0.45837615621788286	1.0
0.47070914696813976	1.0
0.47173689619732784	1.0
0.48201438848920863	1.0
0.4840698869475848	1.0
0.4856115107913669	1.0
0.48663926002055496	1.0
0.4933196300102775	1.0
0.4943473792394656	1.0
0.5041109969167523	1.0
0.5051387461459403	1.0
0.5082219938335046	1.0
0.5092497430626927	1.0
0.5097636176772867	1.0
0.5107913669064749	1.0
0.5195272353545735	1.0
0.5205549845837616	1.0
0.5282631038026722	1.0
0.5303186022610483	1.0
0.5364850976361768	1.0
0.5375128468653648	1.0
0.5493319630010277	1.0
0.5503597122302158	1.0
0.5513874614594039	1.0
0.5539568345323741	1.0
0.5549845837615622	1.0
0.5580678314491264	1.0
0.5590955806783144	1.0
0.5596094552929085	1.0
0.5606372045220966	1.0
0.5616649537512847	1.0
0.5621788283658787	1.0
0.5632065775950668	1.0
0.5637204522096608	1.0
0.5678314491264131	1.0
0.5688591983556013	1.0
0.5704008221993834	1.0
0.5719424460431655	1.0
0.5729701952723536	1.0
0.6125385405960946	1.0
0.6145940390544707	1.0
0.6346351490236383	1.0
0.6356628982528263	1.0
0.6510791366906474	1.0
0.6521068859198356	1.0
0.6639260020554985	1.0
0.6649537512846866	1.0
0.6778006166495375	1.0
0.6788283658787256	1.0
0.6891058581706063	1.0
0.6901336073997945	1.0
0.7050359712230215	1.0
0.7060637204522097	1.0
0.7189105858170607	1.0
0.7199383350462487	1.0
0.7230215827338129	1.0
0.724049331963001	1.0
0.7317574511819116	1.0
0.7327852004110997	1.0
0.7348406988694759	1.0
0.7358684480986639	1.0
0.7389516957862282	1.0
0.7399794450154162	1.0
0.7430626927029804	1.0
0.7440904419321686	1.0
0.7543679342240494	1.0
0.7553956834532374	1.0
0.7610483042137718	1.0
0.7620760534429599	1.0
0.7795477903391572	1.0
0.7805755395683454	1.0
0.7810894141829393	1.0
0.7821171634121274	1.0
0.7831449126413155	1.0
0.7841726618705036	1.0
0.7852004110996916	1.0
0.7862281603288798	1.0
0.7882836587872559	1.0
0.789311408016444	1.0
0.7944501541623844	1.0
0.7954779033915724	1.0
0.7975334018499486	1.0
0.7985611510791367	1.0
0.8011305241521068	1.0
0.802158273381295	1.0
0.8042137718396711	1.0
0.8052415210688592	1.0
0.8072970195272353	1.0
0.8083247687564235	1.0
0.816032887975334	1.0
0.817060637204522	1.0
0.8180883864337102	1.0
0.8191161356628982	1.0
0.8196300102774923	1.0
0.8206577595066804	1.0
0.8365878725590956	1.0
0.8376156217882836	1.0
0.8401849948612539	1.0
0.8412127440904419	1.0
0.8448098663926003	1.0
0.8458376156217883	1.0
0.8514902363823227	1.0
0.8525179856115108	1.0
0.8561151079136691	1.0
0.8571428571428571	1.0
0.8622816032887975	1.0
0.8633093525179856	1.0
0.8848920863309353	1.0
0.8859198355601233	1.0
0.8987667009249743	1.0
0.9018499486125385	1.0
0.909044193216855	1.0
0.9100719424460432	1.0
0.9105858170606372	1.0
0.9116135662898253	1.0
0.9275436793422405	1.0
0.9285714285714286	1.0
0.9290853031860226	1.0
0.9301130524152107	1.0
0.9316546762589928	1.0
0.9326824254881809	1.0
0.933710174717369	1.0
0.9347379239465571	1.0
0.935251798561151	1.0
0.9362795477903392	1.0
0.9393627954779034	1.0
0.9403905447070915	1.0
0.9419321685508736	1.0
0.9439876670092497	1.0
0.9501541623843782	1.0
0.9511819116135662	1.0
0.9516957862281603	1.0
0.9522096608427544	1.0
0.9527235354573484	1.0
0.9532374100719424	1.0
0.9547790339157246	1.0
0.9558067831449126	1.0
0.9609455292908531	1.0
0.9619732785200411	1.0
0.9624871531346352	1.0
0.9630010277492291	1.0
0.9640287769784173	1.0
0.9660842754367934	1.0
0.9671120246659815	1.0
0.9676258992805755	1.0
0.9696813977389517	1.0
0.9701952723535457	1.0
0.9712230215827338	1.0
0.9722507708119219	1.0
0.973792394655704	1.0
0.9743062692702981	1.0
0.9748201438848921	1.0
0.9753340184994861	1.0
0.9758478931140802	1.0
0.9763617677286742	1.0
0.9773895169578622	1.0
0.9784172661870504	1.0
0.9789311408016445	1.0
0.9799588900308325	1.0
0.9815005138746146	1.0
0.9856115107913669	1.0
0.987667009249743	1.0
0.9912641315519013	1.0
0.9922918807810894	1.0
0.9933196300102775	1.0
0.9943473792394656	1.0
1.0	1.0
