# roc_auc["macro"]	0.6625017560463449
fpr	tpr
0.0	0.0
0.0005138746145940391	0.0020554984583761563
0.0010277492291880781	0.011819116135662899
0.001541623843782117	0.013103802672147996
0.0020554984583761563	0.023381294964028774
0.0025693730729701952	0.030318602261048305
0.003083247687564234	0.03391572456320658
0.0041109969167523125	0.0367420349434738
0.0046248715313463515	0.03802672147995889
0.0051387461459403904	0.039568345323741004
0.005652620760534429	0.04162384378211716
0.006166495375128468	0.04727646454265159
0.006680369989722507	0.051130524152106886
0.007194244604316547	0.05858170606372045
0.007708119218910586	0.06269270298047276
0.008221993833504625	0.0632065775950668
0.008735868448098663	0.06783144912641315
0.009249743062692703	0.0711716341212744
0.009763617677286743	0.07476875642343268
0.01079136690647482	0.07553956834532374
0.011305241521068859	0.08247687564234327
0.011819116135662899	0.08273381294964029
0.012332990750256937	0.08607399794450153
0.012846865364850977	0.08684480986639259
0.013360739979445015	0.08761562178828365
0.013874614594039054	0.08838643371017471
0.014388489208633094	0.09069886947584789
0.014902363823227132	0.09301130524152107
0.015416238437821172	0.09378211716341213
0.01593011305241521	0.09480986639260021
0.01644398766700925	0.09609455292908531
0.01695786228160329	0.09892086330935251
0.017985611510791366	0.0999486125385406
0.018499486125385406	0.10020554984583761
0.019013360739979446	0.10405960945529291
0.019527235354573486	0.12050359712230216
0.020041109969167522	0.12076053442959918
0.0210688591983556	0.12153134635149024
0.02158273381294964	0.1223021582733813
0.022096608427543678	0.12255909558067832
0.022610483042137718	0.12512846865364852
0.023124357656731757	0.12589928057553956
0.023638232271325797	0.1276978417266187
0.024152106885919837	0.1289825282631038
0.025179856115107913	0.13001027749229188
0.025693730729701953	0.131294964028777
0.026207605344295993	0.13232271325796507
0.02672147995889003	0.13257965056526208
0.02723535457348407	0.13309352517985612
0.02774922918807811	0.13360739979445016
0.02826310380267215	0.13463514902363824
0.02877697841726619	0.13566289825282632
0.029290853031860225	0.13617677286742036
0.029804727646454265	0.13848920863309352
0.030318602261048305	0.1395169578622816
0.030832476875642344	0.14105858170606372
0.03134635149023638	0.1420863309352518
0.03186022610483042	0.14311408016443988
0.03237410071942446	0.1437564234326824
0.0328879753340185	0.14414182939362796
0.03340184994861254	0.14568345323741008
0.03391572456320658	0.14645426515930113
0.03494347379239465	0.14773895169578624
0.03545734840698869	0.14902363823227133
0.03648509763617677	0.14953751284686537
0.03699897225077081	0.1497944501541624
0.03751284686536485	0.15017985611510792
0.03802672147995889	0.15082219938335045
0.03905447070914697	0.1515930113052415
0.040082219938335044	0.15262076053442958
0.040596094552929084	0.15326310380267213
0.041109969167523124	0.15467625899280574
0.0421377183967112	0.15724563206577596
0.04265159301130524	0.1578879753340185
0.04367934224049332	0.15840184994861253
0.044193216855087356	0.15878725590955806
0.044707091469681395	0.1594295991778006
0.045220966084275435	0.16007194244604317
0.046248715313463515	0.16156217882836588
0.047276464542651594	0.16305241521068858
0.047790339157245634	0.1641829393627955
0.048304213771839674	0.16571780169849085
0.04933196300102775	0.1669889652188024
0.04984583761562179	0.1674960783253097
0.050359712230215826	0.16800319143181697
0.050873586844809866	0.16851030453832425
0.051387461459403906	0.1690174176448315
0.052415210688591986	0.16977470655054902
0.05344295991778006	0.17053199545626657
0.05601233299075026	0.17306756098880294
0.05704008221993834	0.17382484989452046
0.05755395683453238	0.17458890030832477
0.05806783144912641	0.17535295072212906
0.05909558067831449	0.17611023962784658
0.06474820143884892	0.18194542110672363
0.065775950668037	0.18270271001244118
0.06680369989722508	0.1834599989181587
0.06731757451181912	0.18396711202466598
0.06783144912641316	0.18447422513117326
0.0683453237410072	0.18523827554497754
0.06885919835560124	0.18600232595878186
0.06937307297019528	0.18676637637258614
0.07040082219938334	0.18829447720019474
0.07194244604316546	0.19007275382701358
0.0724563206577595	0.1913506788554119
0.07297019527235354	0.19211472926921622
0.07399794450154162	0.1928720181749337
0.07451181911613566	0.19337913128144102
0.0750256937307297	0.19388624438794827
0.07553956834532374	0.19439335749445558
0.07605344295991778	0.19490047060096283
0.07708119218910586	0.19540082219938334
0.0775950668036999	0.19616487261318766
0.07810894141829394	0.19718586033428898
0.07862281603288798	0.19769297344079623
0.07965056526207605	0.19845026234651378
0.08067831449126413	0.19920755125223127
0.08119218910585817	0.19945772705144155
0.08221993833504625	0.20098582787905014
0.08273381294964029	0.20149294098555742
0.08530318602261049	0.20351463190349975
0.08633093525179857	0.20529967003840535
0.0868448098663926	0.20577007781529877
0.08992805755395683	0.2097542745024759
0.09249743062692703	0.21335788512047504
0.10945529290853032	0.23046134520954664
0.1104830421377184	0.23127212515701723
0.11459403905447071	0.23579993148338474
0.11510791366906475	0.23684766472536256
0.11613566289825282	0.23868619390202123
0.1171634121274409	0.23975391115678885
0.11767728674203494	0.24028776978417266
0.11819116135662898	0.24082162841155647
0.11870503597122302	0.2431540481900194
0.11921891058581706	0.24677115450496745
0.1197327852004111	0.2480758250542423
0.12024665981500514	0.2514359940618933
0.12076053442959918	0.25222678999657416
0.12127440904419322	0.2614965170720566
0.12178828365878726	0.26280118762133153
0.1223021582733813	0.26898766700924975
0.12281603288797534	0.27106314948041565
0.12332990750256938	0.2718539454150965
0.12384378211716342	0.27392942788626246
0.12435765673175746	0.2762618476647254
0.1248715313463515	0.2788512047504853
0.12538540596094552	0.27938506337786917
0.12589928057553956	0.280432796619847
0.1264131551901336	0.28122359255452783
0.12795477903391572	0.28308210574397624
0.13001027749229188	0.28470366563891747
0.13103802672147996	0.28679913212287317
0.13206577595066804	0.2876099120703437
0.13257965056526208	0.28814377069772756
0.13309352517985612	0.28893456663240835
0.13360739979445016	0.2897253625670892
0.1341212744090442	0.290773095809067
0.13514902363823228	0.29158387575653766
0.13617677286742036	0.2921377183967112
0.13720452209660844	0.2928121788283659
0.13771839671120248	0.29327787769784175
0.13823227132579652	0.2942574511819116
0.1397738951695786	0.2951406731757451
0.1408016443987667	0.2960720709146968
0.14131551901336073	0.2965377697841727
0.1423432682425488	0.2979830421377184
0.14285714285714285	0.2984487410071942
0.1433710174717369	0.2989144398766701
0.14388489208633093	0.299637076053443
0.14439876670092497	0.3001027749229188
0.144912641315519	0.3008254110996917
0.1459403905447071	0.30149987153134633
0.14645426515930113	0.30196557040082217
0.14696813977389517	0.30243126927029806
0.1474820143884892	0.30315390544707094
0.14799588900308325	0.30413347893114084
0.1485097636176773	0.3045991778006167
0.14902363823227133	0.30557875128468653
0.15056526207605345	0.30646197327852004
0.15159301130524153	0.3073933710174717
0.1526207605344296	0.3080678314491264
0.15313463514902365	0.30904740493319627
0.15416238437821173	0.31023573997944504
0.15467625899280577	0.3114722507708119
0.1551901336073998	0.3121948869475848
0.15570400822199384	0.31266058581706063
0.15621788283658788	0.31312628468653647
0.15673175745118192	0.33157759506680373
0.15724563206577596	0.34154997430626927
0.15827338129496402	0.343509121274409
0.15878725590955806	0.3439748201438849
0.1593011305241521	0.34495439362795477
0.15981500513874614	0.3454200924974306
0.16032887975334018	0.3487121017471737
0.16084275436793422	0.3491778006166495
0.16135662898252826	0.35538711887632746
0.16238437821171633	0.3562435765673176
0.16289825282631037	0.3570572113737581
0.16392600205549845	0.3579136690647482
0.1644398766700925	0.3585560123329907
0.16495375128468653	0.3594552929085303
0.16546762589928057	0.3597636176772867
0.1659815005138746	0.3600719424460432
0.16649537512846865	0.36038026721479954
0.1670092497430627	0.360945529290853
0.16752312435765673	0.36151079136690645
0.1685508735868448	0.3635662898252826
0.1695786228160329	0.3643371017471737
0.17009249743062693	0.36459403905447074
0.17060637204522097	0.3648509763617678
0.171120246659815	0.3653648509763618
0.17163412127440905	0.36562178828365877
0.1721479958890031	0.36639260020554987
0.17266187050359713	0.3671634121274409
0.17317574511819117	0.3676772867420349
0.1736896197327852	0.368705035971223
0.17420349434737925	0.3699897225077081
0.1747173689619733	0.3712744090441932
0.17523124357656733	0.3720452209660843
0.17625899280575538	0.3723021582733813
0.17677286742034942	0.37435765673175747
0.17728674203494346	0.3746145940390545
0.17831449126413154	0.3751284686536485
0.17882836587872558	0.3757708119218911
0.17934224049331962	0.37641315519013363
0.17985611510791366	0.3771839671120246
0.1803699897225077	0.3776978417266187
0.18088386433710174	0.3784686536485098
0.18139773895169578	0.37923946557040084
0.18191161356628982	0.3794964028776978
0.18242548818088386	0.37975334018499485
0.18345323741007194	0.38191161356628983
0.18499486125385406	0.38360739979445013
0.1855087358684481	0.3845795950112497
0.18653648509763618	0.38549623621566065
0.18705035971223022	0.38595455681786617
0.1880781089414183	0.3866142607149802
0.18859198355601234	0.3873295186244826
0.18961973278520042	0.38824615982889366
0.19013360739979446	0.38921835504569313
0.19167523124357658	0.3900794422377156
0.19218910585817062	0.3905377628399211
0.19270298047276466	0.3909960834421266
0.19373072970195274	0.3921696619538346
0.19424460431654678	0.3928849198633371
0.19527235354573483	0.3935446237604511
0.19578622816032887	0.3940029443626566
0.19681397738951695	0.3954334601816616
0.197327852004111	0.3958917807838671
0.19835560123329907	0.39655148468098106
0.1988694758478931	0.3975236798977806
0.19938335046248715	0.3979820004999861
0.20041109969167523	0.3988986417043971
0.2014388489208633	0.39955834560151104
0.20246659815005139	0.40021804949862505
0.20298047276464543	0.40067637010083057
0.20349434737923947	0.401391628010333
0.2040082219938335	0.4015930113052415
0.20452209660842754	0.4026306427385564
0.20503597122302158	0.4052098980156534
0.20554984583761562	0.4057336548343743
0.2065775950668037	0.407551980393707
0.20709146968139774	0.40884654913431895
0.20811921891058582	0.41066487469365165
0.2091469681397739	0.41171238833109336
0.20966084275436794	0.4130069570717053
0.21017471736896198	0.41404458850502013
0.21068859198355602	0.41790853031860226
0.21120246659815006	0.4194600363665112
0.21274409044193218	0.4223159933591588
0.2132579650565262	0.4241244367143647
0.2147995889003083	0.42543876986323026
0.21531346351490235	0.42621946398924815
0.2158273381294964	0.426743220807969
0.21685508735868447	0.4277907344454107
0.2173689619732785	0.42805755395683454
0.2183967112024666	0.4294278862624187
0.21891058581706063	0.42985611510791366
0.21942446043165467	0.43088386433710174
0.22045220966084275	0.4319116135662898
0.2209660842754368	0.4319116135662898
0.22147995889003083	0.4329393627954779
0.22199383350462487	0.4331963001027749
0.22302158273381295	0.434309695101062
0.223535457348407	0.43448098663926005
0.22404933196300103	0.43525179856115104
0.22456320657759507	0.4365364850976362
0.2250770811921891	0.43679342240493324
0.22559095580678315	0.43833504624871533
0.22661870503597123	0.4388489208633094
0.22713257965056527	0.43936279547790336
0.2276464542651593	0.4396197327852004
0.22816032887975335	0.4403905447070915
0.2286742034943474	0.4409044193216855
0.22918807810894143	0.4411613566289825
0.22970195272353547	0.4421891058581706
0.2302158273381295	0.44244604316546765
0.2312435765673176	0.44295991778006166
0.2317574511819116	0.44398766700924974
0.23227132579650564	0.4445015416238438
0.23278520041109968	0.4447584789311408
0.23329907502569372	0.44552929085303183
0.23381294964028776	0.44578622816032887
0.2343268242548818	0.4460431654676259
0.23484069886947584	0.447070914696814
0.23535457348406988	0.44809866392600206
0.23586844809866392	0.4483556012332991
0.23638232271325796	0.4488694758478931
0.236896197327852	0.44912641315519014
0.23741007194244604	0.44964028776978415
0.23792394655704008	0.45092497430626927
0.23843782117163412	0.4516957862281603
0.2394655704008222	0.4522096608427544
0.23997944501541624	0.4524665981500514
0.24049331963001028	0.45375128468653647
0.24100719424460432	0.4540082219938335
0.2420349434737924	0.45426515930113054
0.24254881808838644	0.4550359712230216
0.24306269270298048	0.45580678314491263
0.24409044193216856	0.45606372045220966
0.2446043165467626	0.4573484069886947
0.24511819116135664	0.45760534429599176
0.24563206577595068	0.4581192189105858
0.24614594039054472	0.4586330935251799
0.24665981500513876	0.45940390544707094
0.2471736896197328	0.4596608427543679
0.24768756423432683	0.46094552929085303
0.24871531346351491	0.4619732785200411
0.249743062692703	0.4627440904419322
0.25077081192189105	0.4635149023638232
0.2517985611510791	0.46402877697841727
0.2523124357656732	0.4642857142857143
0.2528263103802672	0.46557040082219936
0.2533401849948613	0.4668550873586845
0.2538540596094553	0.4676258992805755
0.25436793422404935	0.4683967112024666
0.25488180883864336	0.46942446043165464
0.25539568345323743	0.4699383350462487
0.25590955806783144	0.47019527235354575
0.2564234326824255	0.4709660842754368
0.2569373072970195	0.4722507708119219
0.2589928057553957	0.47250770811921894
0.2595066803699897	0.473792394655704
0.26002055498458376	0.47404933196300103
0.2605344295991778	0.47533401849948614
0.26104830421377184	0.4755909558067831
0.26156217882836585	0.47584789311408016
0.26258992805755393	0.4761048304213772
0.263103802672148	0.47713257965056527
0.263617677286742	0.4776464542651593
0.2641315519013361	0.4789311408016444
0.26515930113052416	0.47918807810894143
0.26618705035971224	0.47970195272353544
0.26670092497430625	0.4807297019527235
0.2672147995889003	0.4812435765673176
0.26772867420349433	0.4817574511819116
0.2687564234326824	0.4830421377183967
0.2692702980472765	0.4835560123329907
0.2697841726618705	0.48381294964028776
0.27029804727646456	0.48458376156217886
0.27081192189105857	0.48484069886947584
0.27132579650565264	0.48535457348406985
0.27183967112024665	0.4858684480986639
0.2723535457348407	0.486896197327852
0.27286742034943473	0.48715313463514903
0.2733812949640288	0.4879239465570401
0.2738951695786228	0.4892086330935252
0.2749229188078109	0.4904933196300103
0.27543679342240496	0.4907502569373073
0.27646454265159304	0.4912641315519013
0.27697841726618705	0.49254881808838646
0.2774922918807811	0.4930626927029805
0.27800616649537513	0.49331963001027745
0.27852004110996914	0.49409044193216856
0.2795477903391572	0.4946043165467626
0.2800616649537513	0.49486125385405966
0.2805755395683453	0.49563206577595065
0.28108941418293937	0.49743062692702983
0.2816032887975334	0.4976875642343268
0.28263103802672146	0.49897225077081186
0.2831449126413155	0.4992291880781089
0.2841726618705036	0.49974306269270297
0.2846865364850976	0.5007708119218911
0.2852004110996917	0.5015416238437821
0.2857142857142857	0.5023124357656732
0.2867420349434738	0.5030832476875642
0.28725590955806785	0.5051387461459405
0.28776978417266186	0.5059095580678314
0.2882836587872559	0.5064234326824255
0.28879753340184994	0.5071942446043165
0.289311408016444	0.5077081192189106
0.289825282631038	0.5087358684480987
0.2903391572456321	0.5089928057553956
0.2908530318602261	0.5095066803699897
0.29136690647482016	0.5097636176772868
0.2918807810894142	0.5100205549845838
0.29239465570400824	0.5105344295991778
0.29290853031860226	0.5110483042137719
0.29393627954779034	0.5125899280575539
0.2944501541623844	0.512846865364851
0.2949640287769784	0.5133607399794451
0.2954779033915725	0.513874614594039
0.2959917780061665	0.5141315519013361
0.2970195272353546	0.5154162384378211
0.2975334018499486	0.5156731757451183
0.29804727646454265	0.5159301130524152
0.29907502569373073	0.5167009249743063
0.3001027749229188	0.5179856115107914
0.3006166495375128	0.5182425488180884
0.3016443987667009	0.5184994861253854
0.302158273381295	0.5192702980472765
0.302672147995889	0.5213257965056526
0.30318602261048305	0.5218396711202467
0.30369989722507706	0.5220966084275437
0.30472764645426514	0.5223535457348407
0.3052415210688592	0.5233812949640287
0.3062692702980473	0.5244090441932169
0.3067831449126413	0.5249229188078108
0.30729701952723537	0.5254367934224049
0.3078108941418294	0.526207605344296
0.30935251798561153	0.5267214799588901
0.30986639260020554	0.5269784172661871
0.3108941418293936	0.527235354573484
0.3114080164439877	0.5280061664953751
0.3119218910585817	0.5295477903391572
0.31243576567317577	0.5298047276464543
0.3129496402877698	0.5305755395683454
0.31397738951695786	0.5321171634121274
0.31500513874614594	0.5334018499486125
0.31551901336073995	0.5336587872559095
0.316032887975334	0.5346865364850977
0.31654676258992803	0.5352004110996917
0.3170606372045221	0.5357142857142858
0.3180883864337102	0.5364850976361768
0.3186022610483042	0.5375128468653648
0.31911613566289826	0.5377697841726619
0.32014388489208634	0.5405960945529291
0.32065775950668035	0.540853031860226
0.3211716341212744	0.5411099691675231
0.32168550873586843	0.5418807810894142
0.3221993833504625	0.5426515930113052
0.3227132579650565	0.5429085303186023
0.3232271325796506	0.5431654676258992
0.3237410071942446	0.5436793422404933
0.32425488180883866	0.5439362795477903
0.32476875642343267	0.5449640287769784
0.32528263103802674	0.5452209660842755
0.32579650565262075	0.5454779033915724
0.3263103802672148	0.5462487153134635
0.32682425488180883	0.5475334018499486
0.3278520041109969	0.5480472764645427
0.328879753340185	0.5493319630010278
0.32939362795477906	0.5503597122302158
0.33042137718396714	0.5508735868448098
0.33093525179856115	0.551644398766701
0.3314491264131552	0.552158273381295
0.3319630010277492	0.552415210688592
0.3324768756423433	0.552672147995889
0.3329907502569373	0.55344295991778
0.3335046248715313	0.5536998972250771
0.33504624871531347	0.5539568345323741
0.3355601233299075	0.5547276464542652
0.33607399794450155	0.5549845837615621
0.33658787255909556	0.5552415210688593
0.3371017471736896	0.5560123329907503
0.33761562178828364	0.5570400822199384
0.3391572456320658	0.5572970195272353
0.3396711202466598	0.5580678314491264
0.3406988694758479	0.5583247687564235
0.34121274409044194	0.5588386433710175
0.34275436793422404	0.5601233299075026
0.3437821171634121	0.5614080164439876
0.3442959917780062	0.5616649537512847
0.3448098663926002	0.5632065775950668
0.34532374100719426	0.5639773895169579
0.3458376156217883	0.5644056183624528
0.34686536485097635	0.564748201438849
0.34789311408016443	0.5669321685508736
0.3489208633093525	0.5680883864337102
0.3499486125385406	0.5686022610483042
0.3509763617677287	0.5698869475847894
0.35149023638232274	0.5709146968139773
0.35200411099691675	0.5716855087358685
0.35251798561151076	0.5724563206577595
0.35303186022610483	0.5734840698869477
0.3540596094552929	0.5737410071942446
0.3545734840698869	0.5739979445015416
0.355601233299075	0.5755395683453237
0.35611510791366907	0.5760534429599178
0.35765673175745116	0.578365878725591
0.35817060637204523	0.578879753340185
0.35868448098663924	0.5799075025693731
0.3591983556012333	0.5801644398766701
0.3602261048304214	0.5809352517985611
0.3607399794450154	0.5811921891058582
0.36125385405960947	0.5811921891058582
0.3617677286742035	0.5818345323741008
0.36228160328879755	0.5819630010277492
0.36279547790339156	0.5827338129496402
0.36330935251798563	0.5835046248715313
0.36382322713257964	0.5837615621788284
0.3643371017471737	0.5837615621788284
0.3648509763617677	0.5840184994861254
0.3653648509763618	0.5847893114080165
0.36639260020554987	0.5863309352517986
0.3669064748201439	0.5865878725590956
0.36742034943473795	0.5876156217882836
0.36793422404933196	0.5881294964028777
0.36896197327852004	0.5894141829393629
0.3694758478931141	0.5896711202466598
0.3699897225077081	0.590955806783145
0.3715313463514902	0.591212744090442
0.3720452209660843	0.5914696813977389
0.3725590955806783	0.591726618705036
0.37307297019527236	0.59224049331963
0.37358684480986637	0.5940390544707091
0.37410071942446044	0.5963514902363822
0.3751284686536485	0.5968653648509763
0.37564234326824253	0.5971223021582734
0.3761562178828366	0.5986639260020555
0.3771839671120247	0.5989208633093526
0.3776978417266187	0.5999486125385406
0.37923946557040084	0.6007194244604317
0.3802672147995889	0.6014902363823227
0.3807810894141829	0.6017471736896198
0.381294964028777	0.6022610483042137
0.381808838643371	0.6027749229188077
0.3823227132579651	0.6032887975334018
0.3828365878725591	0.6038026721479959
0.38335046248715315	0.6040596094552929
0.38386433710174717	0.604830421377184
0.38437821171634123	0.6053442959917781
0.38489208633093525	0.6071428571428572
0.3854059609455293	0.6076567317574513
0.3869475847893114	0.6081706063720452
0.3874614594039055	0.6102261048304214
0.38848920863309355	0.6104830421377184
0.38900308324768756	0.6107399794450155
0.3895169578622816	0.6112538540596095
0.39003083247687564	0.6115107913669064
0.39054470709146966	0.6133093525179856
0.3910585817060637	0.6135662898252827
0.3920863309352518	0.6140801644398767
0.3931140801644399	0.6143371017471737
0.394655704008222	0.6156217882836588
0.39516957862281604	0.6163926002055498
0.39568345323741005	0.6174203494347379
0.3961973278520041	0.6176772867420349
0.39671120246659813	0.6181911613566289
0.3972250770811922	0.619218910585817
0.3977389516957862	0.6199897225077081
0.3987667009249743	0.6205035971223021
0.3997944501541624	0.6207605344295992
0.40030832476875644	0.6215313463514902
0.40082219938335045	0.6217882836587872
0.4013360739979445	0.6233299075025693
0.40184994861253853	0.6238437821171634
0.4028776978417266	0.6248715313463515
0.4039054470709147	0.6251284686536485
0.40441932168550876	0.6253854059609455
0.40698869475847893	0.6269270298047276
0.40750256937307294	0.6274409044193217
0.408016443987667	0.6282117163412128
0.408530318602261	0.6284686536485098
0.4090441932168551	0.6292394655704008
0.4095580678314491	0.6300102774922919
0.41007194244604317	0.6302672147995889
0.4105858170606372	0.6305241521068858
0.41109969167523125	0.631551901336074
0.41212744090441933	0.631808838643371
0.4131551901336074	0.632065775950668
0.4141829393627955	0.632836587872559
0.4146968139773895	0.6330935251798561
0.41521068859198357	0.6333504624871531
0.4157245632065776	0.6336073997944501
0.41623843782117165	0.6346351490236382
0.4172661870503597	0.6356628982528263
0.41778006166495374	0.6361767728674204
0.4182939362795478	0.6364337101747174
0.4188078108941418	0.6369475847893113
0.4193216855087359	0.6377183967112025
0.42034943473792397	0.6382322713257965
0.420863309352518	0.6384892086330936
0.42137718396711205	0.6397738951695786
0.42189105858170606	0.6413155190133607
0.4224049331963001	0.6418293936279548
0.42291880781089414	0.6428571428571429
0.4249743062692703	0.6438848920863309
0.42548818088386436	0.6438848920863309
0.4260020554984584	0.644141829393628
0.4265159301130524	0.6449126413155191
0.42702980472764646	0.6464542651593012
0.42754367934224047	0.6469681397738951
0.42805755395683454	0.6472250770811923
0.42857142857142855	0.6474820143884892
0.4290853031860226	0.6477389516957862
0.4295991778006166	0.6485097636176773
0.4301130524152107	0.6490236382322714
0.4306269270298047	0.6492805755395683
0.4311408016443988	0.6503083247687564
0.4316546762589928	0.6508221993833505
0.43268242548818087	0.6515930113052415
0.43319630010277493	0.6518499486125385
0.434224049331963	0.6521068859198356
0.434737923946557	0.6533915724563206
0.4352517985611511	0.6546762589928057
0.4357656731757451	0.6551901336073997
0.4362795477903392	0.6557040082219938
0.43782117163412126	0.6564748201438849
0.43833504624871533	0.656731757451182
0.43884892086330934	0.657245632065776
0.4403905447070915	0.6593011305241521
0.4409044193216855	0.6598150051387461
0.44141829393627957	0.6608427543679343
0.4419321685508736	0.6618705035971223
0.44244604316546765	0.6623843782117163
0.44347379239465573	0.6634121274409044
0.44398766700924974	0.6639260020554985
0.4450154162384378	0.6644398766700925
0.44552929085303183	0.6655960945529291
0.4460431654676259	0.6659815005138746
0.4465570400822199	0.6664097293593696
0.447070914696814	0.6681226447413497
0.447584789311408	0.6688078108941418
0.4486125385405961	0.6688078108941418
0.44912641315519014	0.6690647482014389
0.44964028776978415	0.6690647482014389
0.4501541623843782	0.670349434737924
0.4511819116135663	0.670863309352518
0.4516957862281603	0.671377183967112
0.4522096608427544	0.6726618705035972
0.45323741007194246	0.6729188078108941
0.45375128468653647	0.6742034943473793
0.45477903391572455	0.6744604316546763
0.4552929085303186	0.6752312435765673
0.4563206577595067	0.6757451181911613
0.4573484069886948	0.6760020554984584
0.4578622816032888	0.6762589928057554
0.45889003083247687	0.6770298047276464
0.45940390544707094	0.6780575539568345
0.460431654676259	0.6788283658787255
0.46094552929085303	0.6795991778006166
0.4614594039054471	0.6798561151079137
0.4624871531346352	0.6803699897225077
0.4635149023638232	0.6806269270298048
0.4645426515930113	0.6811408016443987
0.46505652620760535	0.6816546762589928
0.46557040082219936	0.68448098663926
0.4660842754367934	0.684737923946557
0.46659815005138744	0.6855087358684482
0.4671120246659815	0.6867934224049332
0.4676258992805755	0.6878211716341213
0.4681397738951696	0.6885919835560124
0.4686536485097636	0.6891058581706064
0.4696813977389517	0.6898766700924974
0.47019527235354575	0.6901336073997945
0.47070914696813976	0.6906474820143884
0.4712230215827338	0.6911613566289825
0.47173689619732784	0.6919321685508736
0.473792394655704	0.6921891058581706
0.47430626927029806	0.6932168550873588
0.4748201438848921	0.6934737923946557
0.4763617677286742	0.6939876670092497
0.47687564234326824	0.6950154162384379
0.4779033915724563	0.6963001027749229
0.4784172661870504	0.696813977389517
0.4789311408016444	0.6970709146968139
0.4799588900308325	0.6973278520041111
0.48047276464542654	0.697841726618705
0.48098663926002055	0.6986125385405961
0.48150051387461457	0.6993833504624871
0.48252826310380265	0.6996402877697842
0.4830421377183967	0.7009249743062693
0.4845837615621788	0.7014388489208633
0.4850976361767729	0.7022096608427544
0.4856115107913669	0.7027235354573484
0.48612538540596095	0.7032374100719424
0.48663926002055496	0.7037512846865365
0.48715313463514903	0.7045220966084276
0.48766700924974304	0.7052929085303186
0.4881808838643371	0.7058067831449126
0.4892086330935252	0.7065775950668037
0.4907502569373073	0.709146968139774
0.49126413155190135	0.7094039054470709
0.49177800616649536	0.709660842754368
0.49229188078108943	0.709917780061665
0.49280575539568344	0.7101747173689619
0.4933196300102775	0.710431654676259
0.4938335046248715	0.7109455292908531
0.4948612538540596	0.7117163412127441
0.49537512846865367	0.7119732785200411
0.4958890030832477	0.7122302158273381
0.49640287769784175	0.7132579650565262
0.49691675231243576	0.7135149023638232
0.49794450154162384	0.7137718396711202
0.499486125385406	0.7150565262076054
0.5	0.7153134635149023
0.5005138746145941	0.7158273381294964
0.501027749229188	0.7173689619732786
0.5020554984583762	0.7183967112024665
0.5025693730729702	0.7186536485097637
0.5035971223021583	0.7191675231243577
0.5041109969167523	0.7194244604316546
0.5046248715313464	0.7201952723535456
0.5056526207605344	0.7204522096608428
0.5061664953751285	0.7209660842754368
0.5066803699897225	0.7212230215827338
0.5071942446043165	0.7219938335046249
0.5077081192189106	0.7225077081192189
0.5082219938335046	0.722764645426516
0.5087358684480987	0.723535457348407
0.5092497430626927	0.724049331963001
0.5097636176772867	0.724820143884892
0.5107913669064749	0.7250770811921892
0.5113052415210688	0.7253340184994861
0.5118191161356629	0.7263617677286742
0.512846865364851	0.7271325796505652
0.513874614594039	0.7279033915724563
0.5149023638232272	0.7284172661870503
0.5154162384378211	0.7286742034943474
0.5159301130524152	0.7291880781089415
0.5164439876670093	0.7297019527235356
0.5169578622816033	0.7304727646454265
0.5179856115107914	0.7309866392600206
0.5184994861253854	0.7320143884892086
0.5190133607399794	0.7322713257965057
0.5195272353545735	0.7332990750256938
0.5200411099691675	0.7335560123329907
0.5205549845837616	0.7348406988694758
0.5210688591983555	0.7350976361767729
0.5215827338129496	0.7356115107913669
0.5231243576567317	0.736896197327852
0.5236382322713258	0.737153134635149
0.5241521068859198	0.7374100719424461
0.5246659815005139	0.7381808838643371
0.5251798561151079	0.7386947584789312
0.526207605344296	0.7392086330935252
0.527235354573484	0.7394655704008222
0.5277492291880781	0.7397225077081192
0.5282631038026722	0.7404933196300103
0.5287769784172662	0.7410071942446044
0.5303186022610483	0.7415210688591983
0.5308324768756424	0.7417780061664954
0.5313463514902363	0.7428057553956835
0.5323741007194245	0.7433196300102776
0.5328879753340185	0.7435765673175745
0.5339157245632066	0.7446043165467626
0.5344295991778006	0.7453751284686536
0.5349434737923947	0.7458890030832477
0.5364850976361768	0.7464028776978417
0.5369989722507709	0.7474306269270299
0.5375128468653648	0.7474306269270299
0.538540596094553	0.747944501541624
0.5390544707091469	0.7483299075025693
0.539568345323741	0.7494861253854059
0.540082219938335	0.7501284686536485
0.5416238437821171	0.7510277492291881
0.5426515930113053	0.7525693730729701
0.5436793422404933	0.7532545392257622
0.5441932168550874	0.7533401849948613
0.5447070914696814	0.7538540596094554
0.5452209660842754	0.7541109969167523
0.5457348406988695	0.7548818088386433
0.5462487153134635	0.7553956834532374
0.5467625899280576	0.7564234326824255
0.5477903391572456	0.7571942446043165
0.5483042137718397	0.7574511819116136
0.5488180883864338	0.7579650565262077
0.5493319630010277	0.7589928057553956
0.5503597122302158	0.7597636176772868
0.5508735868448099	0.7602774922918808
0.5513874614594039	0.7610483042137719
0.5519013360739979	0.761562178828366
0.5529290853031861	0.762846865364851
0.5539568345323741	0.763617677286742
0.5544707091469682	0.7641315519013361
0.5560123329907503	0.7651593011305242
0.5565262076053443	0.7656731757451183
0.5570400822199383	0.7669578622816033
0.5575539568345323	0.7672147995889003
0.5580678314491264	0.7677366207181531
0.5601233299075026	0.7690530933132729
0.5611510791366906	0.7700967355717783
0.5616649537512847	0.7706185567010309
0.5632065775950668	0.771670145474195
0.5637204522096608	0.7721919666034478
0.564748201438849	0.7732356088619532
0.5652620760534429	0.7737574299912058
0.565775950668037	0.7747931257350527
0.5668036998972251	0.775836767993558
0.5673175745118191	0.7763585891228107
0.5688591983556013	0.7776671152032719
0.5704008221993834	0.778975641283733
0.5709146968139774	0.7794974624129857
0.5714285714285714	0.7802762208495354
0.5729701952723536	0.7815847469299966
0.5745118191161357	0.7828932730104576
0.5755395683453237	0.7841938525762601
0.5765673175745119	0.7852374948347655
0.5770811921891058	0.7857593159640182
0.5781089414182939	0.7865460209152266
0.578622816032888	0.7875817166590733
0.579136690647482	0.788360475095623
0.5817060637204522	0.7899418315126985
0.5842754367934224	0.792037062544368
0.5940390544707091	0.7973267924688232
0.5960945529290853	0.798643265063943
0.5966084275436794	0.7991650861931957
0.5971223021582733	0.7996869073224484
0.5996916752312436	0.8012682637395239
0.6007194244604317	0.8023119059980293
0.6017471736896197	0.8030986109492377
0.604830421377184	0.8052017884955658
0.605344295991778	0.8057236096248186
0.605858170606372	0.8065023680613683
0.6073997944501541	0.8072970195272353
0.6166495375128469	0.8116649537512847
0.6176772867420349	0.8121788283658787
0.6197327852004111	0.8139773895169579
0.6212744090441932	0.8139773895169579
0.6223021582733813	0.8142343268242549
0.6233299075025693	0.8144912641315519
0.6238437821171634	0.81551901336074
0.6248715313463515	0.815775950668037
0.6253854059609455	0.8165467625899281
0.6264131551901336	0.8173175745118191
0.6269270298047277	0.8178314491264131
0.6274409044193217	0.8186022610483041
0.6279547790339157	0.8193730729701953
0.6284686536485098	0.8196300102774923
0.6289825282631039	0.8209146968139773
0.6294964028776978	0.8211716341212745
0.630524152106886	0.8214285714285714
0.6310380267214799	0.8219424460431655
0.631551901336074	0.8229701952723536
0.632065775950668	0.8234840698869477
0.6325796505652621	0.8239979445015416
0.6330935251798561	0.8247687564234327
0.6336073997944501	0.8252826310380268
0.6341212744090442	0.8263103802672147
0.6351490236382322	0.8268242548818088
0.6366906474820144	0.8273381294964028
0.6372045220966084	0.828365878725591
0.6377183967112025	0.8286228160328879
0.6382322713257965	0.829393627954779
0.6387461459403906	0.829650565262076
0.6392600205549845	0.8299075025693731
0.6402877697841727	0.8301644398766701
0.6408016443987667	0.8304213771839671
0.6413155190133607	0.8314491264131552
0.6418293936279548	0.8319630010277492
0.6423432682425488	0.8324768756423433
0.6428571428571429	0.8332476875642343
0.6433710174717369	0.8340184994861254
0.644398766700925	0.8345323741007195
0.6449126413155191	0.8350462487153134
0.6459403905447071	0.8365878725590956
0.6464542651593012	0.8371017471736897
0.6469681397738952	0.8373586844809866
0.6474820143884892	0.8381294964028777
0.6479958890030832	0.8389003083247688
0.6485097636176773	0.8391572456320657
0.6490236382322713	0.8394141829393629
0.6495375128468653	0.8399280575539568
0.6505652620760535	0.8404419321685509
0.6510791366906474	0.8409558067831449
0.6515930113052415	0.8414696813977389
0.6521068859198356	0.841983556012333
0.6526207605344296	0.842754367934224
0.6531346351490236	0.8440390544707091
0.6546762589928058	0.8445529290853031
0.6551901336073997	0.8450668036998972
0.6557040082219938	0.8458376156217884
0.6562178828365879	0.8463514902363822
0.656731757451182	0.8468653648509763
0.65775950668037	0.8473792394655704
0.658273381294964	0.8478931140801644
0.6593011305241521	0.8489208633093526
0.6598150051387461	0.8496916752312436
0.6603288797533402	0.8499486125385406
0.6608427543679343	0.8502055498458376
0.6613566289825282	0.8514902363823227
0.6618705035971223	0.8517471736896197
0.6628982528263104	0.8525179856115108
0.6634121274409044	0.8525179856115108
0.6639260020554985	0.8550873586844809
0.6644398766700925	0.8553442959917781
0.6649537512846866	0.855858170606372
0.6654676258992805	0.8561151079136691
0.6659815005138746	0.8568859198355601
0.6664953751284687	0.8571428571428572
0.6670092497430626	0.8576567317574512
0.6675231243576567	0.8584275436793423
0.6685508735868448	0.8586844809866392
0.6690647482014388	0.8589414182939363
0.6700924974306269	0.8597122302158273
0.671120246659815	0.8599691675231244
0.671634121274409	0.8599691675231244
0.6721479958890031	0.8602261048304214
0.6726618705035972	0.8607399794450155
0.6731757451181911	0.8615107913669064
0.6736896197327852	0.8615107913669064
0.6742034943473793	0.8620246659815005
0.6747173689619733	0.8620246659815005
0.6752312435765673	0.8625385405960946
0.6757451181911613	0.8627954779033915
0.6793422404933196	0.8661356628982528
0.6798561151079137	0.8665507154715788
0.6860226104830421	0.868448098663926
0.6988694758478932	0.8751284686536485
0.7004110996916753	0.8758992805755396
0.7029804727646455	0.8779547790339157
0.71120246659815	0.8810380267214799
0.7122302158273381	0.881551901336074
0.7127440904419322	0.882065775950668
0.7132579650565262	0.8823227132579651
0.7142857142857143	0.882836587872559
0.7147995889003084	0.882836587872559
0.7153134635149023	0.8833504624871531
0.7158273381294964	0.8836073997944501
0.7163412127440905	0.8836073997944501
0.7168550873586845	0.8841212744090442
0.7173689619732785	0.8843782117163412
0.7189105858170607	0.8846351490236382
0.7194244604316546	0.8851490236382322
0.7204522096608428	0.8854059609455294
0.7209660842754368	0.8856628982528263
0.7219938335046249	0.8859198355601233
0.7230215827338129	0.8861767728674204
0.723535457348407	0.8864337101747174
0.724049331963001	0.8869475847893113
0.7302158273381295	0.8897738951695786
0.7307297019527236	0.8902877697841727
0.7317574511819116	0.8905447070914697
0.7327852004110997	0.8908016443987667
0.7332990750256937	0.8913155190133608
0.7343268242548818	0.8915724563206577
0.7348406988694759	0.8923432682425488
0.736896197327852	0.8931140801644399
0.737410071942446	0.894141829393628
0.7379239465570401	0.894398766700925
0.7384378211716341	0.8954265159301131
0.7389516957862282	0.89568345323741
0.7404933196300103	0.8959403905447071
0.7410071942446043	0.8961973278520041
0.7420349434737924	0.896454265159301
0.7425488180883865	0.8967112024665982
0.7430626927029804	0.8969681397738951
0.7440904419321686	0.8972250770811923
0.7451181911613566	0.8974820143884892
0.7456320657759506	0.8977389516957863
0.7482014388489209	0.8979958890030832
0.7487153134635149	0.8982528263103802
0.749743062692703	0.8987667009249742
0.7507708119218911	0.8990236382322714
0.7512846865364851	0.8997944501541624
0.7517985611510791	0.9000513874614594
0.7528263103802673	0.9005652620760534
0.7533401849948612	0.9008221993833505
0.7538540596094553	0.9013360739979446
0.7543679342240494	0.9021068859198356
0.7548818088386434	0.9028776978417266
0.7559095580678314	0.9033915724563206
0.7564234326824255	0.9041623843782117
0.7569373072970196	0.9044193216855088
0.7579650565262076	0.9046762589928058
0.7584789311408017	0.9049331963001028
0.7600205549845838	0.9051901336073997
0.7605344295991778	0.9054470709146969
0.7610483042137718	0.9057040082219938
0.7620760534429599	0.9059609455292909
0.762589928057554	0.9062178828365879
0.763103802672148	0.9064748201438848
0.763617677286742	0.9069886947584789
0.7641315519013361	0.907245632065776
0.7646454265159301	0.9085303186022611
0.7651593011305241	0.9093011305241521
0.7661870503597122	0.9095580678314491
0.7667009249743063	0.9098150051387461
0.7672147995889003	0.9105858170606371
0.7682425488180884	0.9110996916752312
0.7687564234326825	0.9118705035971223
0.7697841726618705	0.9123843782117163
0.7702980472764646	0.9131551901336074
0.7708119218910586	0.9134121274409044
0.7718396711202467	0.9136690647482014
0.7723535457348407	0.9139260020554985
0.7728674203494348	0.9141829393627955
0.7733812949640287	0.9152106885919835
0.7738951695786228	0.9162384378211716
0.774922918807811	0.9164953751284686
0.775950668036999	0.9167523124357657
0.776464542651593	0.9172661870503598
0.7774922918807811	0.9177800616649539
0.7780061664953751	0.9182939362795477
0.7790339157245632	0.9188078108941418
0.7805755395683454	0.9190647482014389
0.7810894141829393	0.9198355601233299
0.7826310380267215	0.920863309352518
0.7841726618705036	0.921634121274409
0.7846865364850977	0.9224049331963001
0.7852004110996916	0.9226618705035972
0.7872559095580678	0.9231757451181911
0.7877697841726619	0.9234326824254881
0.7882836587872559	0.9239465570400822
0.78879753340185	0.9249743062692704
0.789311408016444	0.9254881808838643
0.789825282631038	0.9257451181911613
0.7903391572456321	0.9262589928057554
0.7908530318602262	0.9265159301130523
0.7913669064748201	0.9267728674203495
0.7918807810894142	0.9267728674203495
0.7923946557040082	0.9272867420349435
0.7929085303186023	0.9275436793422405
0.7939362795477903	0.9280575539568345
0.7949640287769785	0.9290853031860227
0.7954779033915724	0.9293422404933196
0.7965056526207606	0.9306269270298047
0.7975334018499486	0.9308838643371018
0.7980472764645427	0.9313463514902365
0.7990750256937307	0.9320143884892087
0.8001027749229188	0.9324254881808839
0.8011305241521068	0.9329393627954778
0.802158273381295	0.934737923946557
0.802672147995889	0.9370503597122302
0.8036998972250771	0.9373072970195272
0.8047276464542652	0.9383350462487153
0.8057553956834532	0.9391058581706064
0.8078108941418294	0.9415210688591984
0.8083247687564235	0.9419321685508736
0.8088386433710175	0.9424460431654677
0.8093525179856115	0.9429599177800616
0.8098663926002055	0.9434737923946557
0.8108941418293937	0.9439876670092497
0.81551901336074	0.9460945529290853
0.8175745118191161	0.9471736896197327
0.8186022610483042	0.9480986639260021
0.8242548818088387	0.9506166495375128
0.8247687564234327	0.9510791366906475
0.8263103802672148	0.9519527235354573
0.828879753340185	0.9529804727646454
0.829393627954779	0.9534943473792394
0.8309352517985612	0.95446370176586
0.8345323741007195	0.9566398828988758
0.8371017471736896	0.9580841820050454
0.8386433710174718	0.9590535363916659
0.843268242548818	0.9614477249369335
0.8437821171634121	0.9619421346040051
0.8530318602261048	0.9664735743872435
0.8633093525179856	0.9714799588900308
0.8653648509763617	0.9721479958890031
0.8658787255909558	0.9725077081192188
0.868448098663926	0.9730215827338129
0.8715313463514902	0.9745632065775951
0.8720452209660843	0.9752973131698723
0.8735868448098664	0.9769857583321098
0.8751284686536485	0.9784172661870503
0.8761562178828366	0.9784172661870503
0.8766700924974307	0.9786742034943474
0.8782117163412128	0.9794450154162384
0.8792394655704008	0.9797019527235354
0.8797533401849948	0.9799588900308325
0.8812949640287769	0.9802158273381295
0.881808838643371	0.9807297019527235
0.8833504624871531	0.9809866392600206
0.8838643371017472	0.9817574511819116
0.8848920863309353	0.9820143884892086
0.8854059609455293	0.9830421377183967
0.8859198355601233	0.9832990750256938
0.8890030832476875	0.9838129496402878
0.8900308324768756	0.9840698869475848
0.894655704008222	0.9843268242548818
0.895169578622816	0.9848406988694758
0.9028776978417267	0.9850976361767729
0.9075025693730729	0.9853545734840699
0.9095580678314491	0.9856115107913669
0.9182939362795478	0.9858684480986639
0.9218910585817061	0.986125385405961
0.9229188078108942	0.986382322713258
0.9254881808838643	0.986639260020555
0.9295991778006166	0.986896197327852
0.9301130524152107	0.987153134635149
0.934224049331963	0.9874100719424461
0.9347379239465571	0.987667009249743
0.935251798561151	0.9879239465570401
0.9414182939362795	0.9881808838643371
0.9429599177800617	0.9884378211716341
0.9480986639260021	0.9886947584789312
0.9588900308324769	0.9889516957862281
0.9619732785200411	0.9892086330935252
0.9722507708119219	0.9894655704008222
0.9758478931140802	0.9897225077081193
0.9773895169578622	0.9899794450154162
0.9820143884892086	0.9904933196300103
0.9825282631038027	0.9907502569373073
0.9835560123329907	0.9912641315519013
0.9845837615621789	0.9915210688591984
0.987153134635149	0.9917780061664954
0.987667009249743	0.9925488180883865
0.9886947584789312	0.9928057553956835
0.9892086330935251	0.9938335046248716
0.9897225077081192	0.9940904419321686
0.9902363823227133	0.9943473792394656
0.9912641315519013	0.9948612538540597
0.9917780061664954	0.9956320657759508
0.9938335046248715	0.9961459403905447
0.9958890030832477	0.9964028776978417
0.9964028776978417	0.9966598150051387
0.9969167523124358	0.9984583761562178
0.9974306269270298	0.9987153134635149
0.9979445015416238	0.999229188078109
0.998972250770812	0.9994861253854059
0.9994861253854059	0.999743062692703
1.0	1.0
